chromosome	start	end	major_cn	minor_cn	total_cn
chr1	252179	1421024	2	1	1
chr1	1421174	2303893	1	1	0
chr1	2304439	14986304	2	1	1
chr1	15058626	15184774	5	3	2
chr1	15184924	18298884	2	1	1
chr1	18299036	18321060	5	5	0
chr1	18322742	29657852	2	1	1
chr1	29669510	29754818	4	4	0
chr1	29754986	32516110	2	1	1
chr1	32516260	33256511	1	1	0
chr1	33772764	44344386	2	1	1
chr1	44361068	44548022	1	1	0
chr1	44548172	55086501	2	1	1
chr1	55086666	55393923	1	1	0
chr1	55395375	58326908	2	1	1
chr1	58357904	58494660	3	3	0
chr1	58499648	64406546	2	1	1
chr1	64406696	64661290	1	1	0
chr1	64661440	68955928	2	1	1
chr1	68956078	69131808	4	4	0
chr1	69135307	91419599	2	1	1
chr1	91420688	95955198	2	2	0
chr1	95955352	96146718	4	4	0
chr1	96148048	96592212	2	2	0
chr1	96592376	97105780	3	3	0
chr1	97114072	97356466	1	1	0
chr1	97359820	97903974	3	3	0
chr1	97904350	99305618	2	2	0
chr1	99305768	99383082	1	1	0
chr1	99383235	100548474	2	1	1
chr1	100548630	100602838	3	3	0
chr1	100602988	100644472	2	2	0
chr1	100672800	100740898	1	1	0
chr1	100741048	108565680	2	1	1
chr1	108567450	110884708	2	2	0
chr1	110884858	119523034	2	1	1
chr1	119526180	120455180	2	2	0
chr1	120455332	121124245	1	1	0
chr1	121124402	121815410	2	1	1
chr1	121822436	121876954	4	4	0
chr1	121877117	122655590	2	1	1
chr2	22644	16088112	2	1	1
chr2	16091320	16461254	4	4	0
chr2	16461405	16926869	2	1	1
chr2	16928941	17404614	1	1	0
chr2	17404764	24613282	2	1	1
chr2	24615608	25015212	2	2	0
chr2	25015371	30698098	2	1	1
chr2	30699556	31612696	3	3	0
chr2	31654256	31945322	1	1	0
chr2	31945472	54865926	2	1	1
chr2	54866952	55175254	4	4	0
chr2	55183204	60519622	2	1	1
chr2	60519772	60635063	1	1	0
chr2	60636138	61434064	3	2	1
chr2	61434214	63406060	2	1	1
chr2	63406225	63717288	3	3	0
chr2	63809502	64244626	4	4	0
chr2	64254006	67833872	2	1	1
chr2	67834022	67905006	5	5	0
chr2	67905474	70214096	2	1	1
chr2	70214254	71286113	1	1	0
chr2	71286504	82053296	2	1	1
chr2	82073716	82088310	4	2	2
chr2	82089518	85417108	2	1	1
chr3	8314	4064992	2	2	0
chr3	4083310	5516748	4	4	0
chr3	5521110	11346933	2	1	1
chr3	11352104	12111340	1	1	0
chr3	12323769	20796088	2	1	1
chr3	20796238	23601117	3	2	1
chr3	23642288	25484718	2	2	0
chr3	25484839	25692844	4	4	0
chr3	25704922	42654238	2	1	1
chr3	42655112	46169538	2	2	0
chr3	46176276	47088458	3	3	0
chr3	47088610	55833244	2	1	1
chr3	55833394	57326430	3	2	1
chr3	57342560	59607694	2	1	1
chr3	59612566	59691186	3	3	0
chr3	59694012	63195872	2	1	1
chr3	63196022	63508922	4	2	2
chr3	63509046	68373462	2	1	1
chr3	68373618	69031666	3	3	0
chr3	69043204	85650357	2	1	1
chr3	85650966	86188066	4	4	0
chr3	86188668	89313689	2	1	1
chr3	89314438	90688436	3	2	1
chr3	90688586	91677403	2	1	1
chr3	91677766	91828788	3	3	0
chr3	91832488	91887855	1	1	0
chr4	16163	997900	2	1	1
chr4	998050	2013028	1	1	0
chr4	2013178	5200062	2	1	1
chr4	5202655	5245400	4	2	2
chr4	5245552	5359760	1	1	0
chr4	5365282	28218442	2	1	1
chr4	28218592	28944020	3	3	0
chr4	28969967	29734003	2	2	0
chr4	29734166	31370910	3	3	0
chr4	31434665	66548504	2	1	1
chr4	66548654	66567098	4	4	0
chr4	66590844	86297424	2	1	1
chr4	86297574	86692806	3	2	1
chr4	86703315	88272406	2	1	1
chr5	22388	1446564	2	1	1
chr5	1448006	2175158	5	5	0
chr5	2446105	2746463	2	1	1
chr5	2746889	4045780	3	3	0
chr5	4045932	4458750	2	1	1
chr5	4459439	6026014	3	2	1
chr5	6026164	6059010	1	1	0
chr5	6059128	13773696	2	1	1
chr5	13774647	14277974	3	3	0
chr5	14279512	14855026	2	1	1
chr5	14861188	14909210	4	4	0
chr5	14910602	33561015	2	1	1
chr5	33562868	33655087	5	5	0
chr5	33655242	34618472	3	3	0
chr5	34620128	55495202	2	1	1
chr5	55495352	55656146	5	5	0
chr5	55657504	56570026	2	1	1
chr5	56571124	57087964	3	3	0
chr5	57089069	60498124	2	1	1
chr5	60500314	60581072	5	5	0
chr5	60598800	65119904	2	1	1
chr5	65121874	65644374	3	2	1
chr5	65652672	78609796	2	1	1
chr5	78609953	79788112	5	5	0
chr5	79789022	84121452	2	2	0
chr5	84121602	86582066	2	1	1
chr5	86585652	88507416	3	2	1
chr5	88507567	88735270	2	2	0
chr6	311634	3875534	2	1	1
chr6	3947524	5592704	3	3	0
chr6	5593497	12592858	2	1	1
chr6	12595002	14326919	3	2	1
chr6	14328514	14413600	1	1	0
chr6	14414176	15611959	2	1	1
chr6	15612116	15654510	1	1	0
chr6	15654625	18112300	2	1	1
chr6	18114334	18164140	4	4	0
chr6	18165490	27738546	2	1	1
chr6	27741329	28013348	3	2	1
chr6	28013498	28016336	6	6	0
chr6	28020788	39853218	2	1	1
chr6	39853374	40022546	2	2	0
chr6	40022866	57189032	2	1	1
chr6	57192062	57337632	4	4	0
chr6	57337782	67398041	2	1	1
chr6	67403794	67968428	4	4	0
chr6	67968578	72295950	2	1	1
chr6	72296090	74883672	3	3	0
chr6	74884368	77539234	2	2	0
chr7	26328	1470958	2	1	1
chr7	1471096	1478720	1	1	0
chr7	1479464	4195070	2	1	1
chr7	4196864	4907876	3	2	1
chr7	4910940	11994036	2	1	1
chr7	11994186	12302567	1	1	0
chr7	12302723	15265505	2	1	1
chr7	15265658	15480490	4	4	0
chr7	15480645	23085592	2	1	1
chr7	23085744	24400926	3	2	1
chr7	24404824	27173185	2	1	1
chr7	27174844	27242957	4	4	0
chr7	27244676	33328202	2	1	1
chr7	33328352	34098406	3	2	1
chr7	34098556	35476174	2	1	1
chr7	35476324	35477702	5	5	0
chr7	35479426	38365405	2	1	1
chr7	38369086	38489738	4	4	0
chr7	38489888	40811160	2	1	1
chr7	40811310	40915712	1	1	0
chr7	40915845	55250742	2	1	1
chr7	55330735	55498591	1	1	0
chr7	55498746	72702506	2	1	1
chr7	72702656	72810974	4	4	0
chr7	72822824	73055206	7	7	0
chr7	73149974	80952786	2	1	1
chr7	80952936	80974448	1	1	0
chr8	45054	14423229	2	1	1
chr8	14441019	15088698	3	2	1
chr8	15088848	15222920	1	1	0
chr8	15223070	29292889	2	1	1
chr8	29293592	29665837	4	4	0
chr8	29819878	31474086	2	2	0
chr8	31474236	31834426	5	5	0
chr8	31887820	32990728	2	1	1
chr8	32990856	39464732	2	2	0
chr8	39465558	39649382	5	5	0
chr8	39672388	54001500	2	1	1
chr8	54005430	57237987	1	1	0
chr8	57325882	61675952	2	1	1
chr8	61691486	62093138	3	3	0
chr8	62125252	65821562	2	1	1
chr8	65822902	67344786	1	1	0
chr8	67415625	74293167	2	1	1
chr9	11980	658472	2	1	1
chr9	658600	682835	4	4	0
chr9	683602	725026	2	1	1
chr9	725179	825445	4	4	0
chr9	828484	923816	2	2	0
chr9	927340	1729512	2	1	1
chr9	1729662	1805652	2	2	0
chr9	1805803	1839932	3	3	0
chr9	1840084	3074744	2	1	1
chr9	3074897	3326290	1	1	0
chr9	3326412	6064076	2	1	1
chr9	6065342	6937650	3	2	1
chr9	6939074	21300576	2	1	1
chr9	21301359	21417986	3	3	0
chr9	21418136	22468368	2	1	1
chr9	22468520	22472540	1	1	0
chr9	22472690	41772963	2	1	1
chr9	41773607	41877097	4	4	0
chr9	41878070	43666268	2	1	1
chr9	43667414	43680638	2	2	0
chr9	43680840	58738538	2	1	1
chr9	58744855	58889032	4	4	0
chr9	58889196	60349950	2	1	1
chr9	60350100	60399298	3	2	1
chr9	60401046	61042436	2	1	1
chr10	16721	949002	2	1	1
chr10	967316	1150714	3	3	0
chr10	1150866	1272066	2	1	1
chr10	1274352	1337051	3	2	1
chr10	1337410	13197498	2	1	1
chr10	13197948	13686984	3	2	1
chr10	13687134	13747070	4	4	0
chr10	13747220	17127287	2	1	1
chr10	17138010	17292423	3	3	0
chr10	17292944	17395726	2	2	0
chr10	17395864	17632346	3	3	0
chr10	17632496	19232662	2	2	0
chr10	19292164	19910480	3	3	0
chr10	19910619	20164944	2	2	0
chr10	20165094	21684323	3	3	0
chr10	21687023	45138570	2	1	1
chr10	45139196	45814628	3	3	0
chr10	45815322	57248441	2	1	1
chr10	57252496	58384607	3	3	0
chr10	58432052	66473515	2	1	1
chr10	66473668	66774692	2	2	0
chr10	66774846	67325092	2	1	1
chr10	67325242	67379111	3	3	0
chr10	67379268	69293586	2	1	1
chr10	69293736	69296886	1	1	0
chr10	69297036	69327992	2	2	0
chr11	115708	2741452	2	1	1
chr11	2742312	2807412	4	4	0
chr11	2813085	6347026	2	1	1
chr11	6347176	8030111	2	2	0
chr11	8037944	10931688	2	1	1
chr11	10931838	11418441	3	2	1
chr11	11512994	14980360	2	1	1
chr11	14980510	15222072	4	4	0
chr11	15222226	40686322	2	1	1
chr11	40697338	40774846	1	1	0
chr11	40775252	43523816	2	1	1
chr11	43523982	45030786	1	1	0
chr11	45030936	49809540	2	1	1
chr11	49809690	51227766	2	2	0
chr11	51228349	51256862	4	4	0
chr11	51257018	57460092	2	1	1
chr11	57460242	58042637	3	3	0
chr11	58060542	62886316	2	1	1
chr11	62928232	64029225	3	3	0
chr11	64029379	66363368	2	1	1
chr11	66363526	66455226	5	5	0
chr11	66456738	74369728	2	1	1
chr12	97582	2900902	2	1	1
chr12	2901070	4303204	2	2	0
chr12	4306026	4397972	4	4	0
chr12	4400552	5578550	2	2	0
chr12	5581702	6091083	3	3	0
chr12	6091606	6214216	1	1	0
chr12	6214357	10906022	2	2	0
chr12	10962636	11174138	4	4	0
chr12	11176760	21026888	2	1	1
chr12	21047704	21156664	4	4	0
chr12	21156814	72022106	2	1	1
chr12	72023419	72175838	2	2	0
chr12	72175988	72489359	2	1	1
chr13	41196	4089194	2	1	1
chr13	4100324	4366620	3	3	0
chr13	4366756	5744702	2	1	1
chr13	5764658	6435720	1	1	0
chr13	6458354	16629200	2	1	1
chr13	16634210	16928394	3	3	0
chr13	16936820	35968912	2	1	1
chr13	35969072	36139986	1	1	0
chr13	36140104	36257330	2	2	0
chr13	36257489	36486982	3	2	1
chr13	36487132	36879224	2	1	1
chr13	36879375	37006914	3	2	1
chr13	37007032	37635756	2	1	1
chr13	37635910	37779964	3	3	0
chr13	37780310	38804264	2	1	1
chr13	38805946	38868792	3	2	1
chr13	38868942	63230496	2	1	1
chr14	31032	13611080	2	1	1
chr14	13614110	13645266	3	3	0
chr14	13645418	34990742	2	1	1
chr14	34995498	35367952	3	3	0
chr14	35368478	38808990	2	1	1
chr14	38809140	39117614	3	3	0
chr14	39117764	53284733	2	1	1
chr14	53284884	53613390	1	1	0
chr14	53713546	55019388	3	3	0
chr14	55104158	55437846	2	2	0
chr14	55437990	55462454	4	4	0
chr14	55492424	60964327	2	1	1
chr15	235990	2185754	2	2	0
chr15	2187384	2206252	7	7	0
chr15	2206968	5331930	2	2	0
chr15	5466689	5931004	3	3	0
chr15	5931463	7169140	2	2	0
chr15	7176540	7915180	3	3	0
chr15	7915348	8490133	2	2	0
chr15	8499429	12969945	2	1	1
chr15	12973060	13205808	5	5	0
chr15	13205958	18037822	2	1	1
chr15	18037948	18094332	1	1	0
chr15	18094488	40759034	2	1	1
chr15	40759184	40774724	6	6	0
chr15	40778218	41955714	2	2	0
chr15	41955866	42457923	3	3	0
chr15	42458900	46020320	2	1	1
chr15	46022282	46070549	4	4	0
chr15	46156630	64114860	2	1	1
chr15	64118006	64158922	2	2	0
chr16	87142	303806	2	1	1
chr16	315576	1120664	3	3	0
chr16	1134248	4337314	2	1	1
chr16	4337468	5272227	1	1	0
chr16	5319374	12188950	2	1	1
chr16	12189100	12316524	6	6	0
chr16	12350140	14182382	2	1	1
chr16	14183688	14202606	6	6	0
chr16	14202756	16940905	2	1	1
chr16	17313601	18296506	3	3	0
chr16	18296656	18355247	1	1	0
chr16	18399186	19668478	2	1	1
chr16	19689188	20965476	3	3	0
chr16	20969798	21247300	1	1	0
chr16	21336718	27672389	2	1	1
chr16	27673500	27826010	4	4	0
chr16	27826162	30009856	2	1	1
chr16	30009983	31097500	1	1	0
chr16	31097788	35582494	2	1	1
chr16	35663344	36061256	3	3	0
chr16	36061409	47883082	2	1	1
chr16	47883236	49276323	2	2	0
chr16	49291794	54293510	2	1	1
chr16	54293652	56452788	3	3	0
chr16	56555588	59533045	2	1	1
chr17	21072	1176582	2	2	0
chr17	1176732	1870150	1	1	0
chr17	1870300	1928694	4	4	0
chr17	1928863	13266898	2	1	1
chr17	13267048	13336448	3	3	0
chr17	13336598	14971132	2	1	1
chr17	14977532	16749218	2	2	0
chr17	16752846	31370790	2	1	1
chr17	31438635	31611552	4	4	0
chr17	31611702	52743794	2	1	1
chr17	52743944	52900758	4	4	0
chr17	52901130	64239642	2	1	1
chr18	15640	52279	2	1	1
chr18	56334	119615	3	3	0
chr18	120001	220450	2	2	0
chr18	237380	350468	3	2	1
chr18	350618	1970989	2	2	0
chr18	1994880	2221406	3	3	0
chr18	2221556	4411726	2	2	0
chr18	4411856	16905166	2	1	1
chr18	16906194	16945028	4	4	0
chr18	16945328	21403074	2	1	1
chr18	21403828	21505794	5	5	0
chr18	21505944	25566176	2	1	1
chr18	25566330	25602913	3	2	1
chr18	25603336	31721515	2	1	1
chr18	31724504	32547474	3	2	1
chr18	32547624	34772702	2	1	1
chr18	34772848	34937314	1	1	0
chr18	34937464	48129524	2	1	1
chr18	48129820	48465510	4	2	2
chr18	48468542	49589646	3	2	1
chr18	49589796	52420860	2	1	1
chr18	52421296	52583032	3	2	1
chr18	52583185	52836612	2	2	0
chr18	52836778	55814650	2	1	1
chr19	12695	1747896	2	2	0
chr19	1749966	2280628	3	3	0
chr19	2280778	5510562	2	2	0
chr19	5510716	7161050	1	1	0
chr19	7223862	15331296	2	2	0
chr19	15331446	15879161	3	3	0
chr19	15879320	20826636	2	1	1
chr19	20828882	22007014	3	3	0
chr19	22066184	23700304	2	1	1
chr19	23700654	23938320	1	1	0
chr19	23938470	33951810	2	1	1
chr19	33951960	34885266	4	4	0
chr19	34885416	36689688	2	2	0
chr19	36689838	37116406	3	3	0
chr19	37134195	40689384	2	1	1
chr19	40690537	50468896	2	2	0
chr19	50473000	51174718	2	1	1
chr19	51177816	51824490	4	4	0
chr19	51824640	53732236	2	1	1
chr20	25920	2341454	2	1	1
chr20	2359301	3934488	3	2	1
chr20	3934640	11368734	2	1	1
chr20	11368884	12113290	1	1	0
chr20	12452796	18451783	2	1	1
chr20	18452474	18622605	4	4	0
chr20	18622776	22099054	2	2	0
chr20	22099206	22427450	6	6	0
chr20	22455640	42666188	2	1	1
chr20	42666340	42720955	4	4	0
chr20	42721112	46155808	2	2	0
chr20	46160992	46586562	3	3	0
chr20	46587548	52569942	2	1	1
chr20	52570092	52611042	2	2	0
chr20	52611170	52909787	3	3	0
chr20	52910144	54413632	2	1	1
chr20	54414044	54658258	3	3	0
chr20	54658386	55486334	2	1	1
chr20	55486484	55517769	4	4	0
chr20	55517928	55876873	2	1	1
chr20	55897460	56126027	3	3	0
chr20	56126390	57768100	2	1	1
chr20	57768770	57804432	3	2	1
chr20	57804848	58081532	2	1	1
chr20	58081830	58095322	4	4	0
chr21	15722	16152	4	4	0
chr21	31602	5366744	2	1	1
chr21	5370518	5828050	1	1	0
chr21	5829121	7207286	2	1	1
chr21	7207584	7238514	4	4	0
chr21	7239382	18767508	2	1	1
chr21	18768324	20165004	3	3	0
chr21	20165136	29998650	2	1	1
chr21	29998764	30015922	3	3	0
chr21	30016036	37659970	2	1	1
chr21	37660494	37809909	3	3	0
chr21	37810968	50141682	2	1	1
chr21	50141832	50310658	4	2	2
chr21	50312384	50326466	2	2	0
chr21	50326616	50855618	2	1	1
chr22	75033	75339	2	2	0
chr22	75492	151874	1	1	0
chr22	152030	10211730	2	1	1
chr22	10211880	13957468	3	2	1
chr22	13957618	15700242	1	1	0
chr22	15736096	32035146	2	1	1
chr22	32047492	32246614	4	4	0
chr22	32257328	36071142	2	2	0
chr22	36326826	59324630	2	1	1
chr22	59325394	60106830	5	3	2
chr22	60110584	61378050	2	1	1
chr23	1992	35544378	2	1	1
chr23	35544518	37298471	3	2	1
chr23	37314477	52293696	2	1	1
chr24	71316	2456927	2	1	1
chr24	2459445	2710346	4	4	0
chr24	2710496	5528102	2	1	1
chr24	5529822	5560628	5	5	0
chr24	5567266	28015306	2	1	1
chr24	28015456	29075508	2	2	0
chr24	29075882	37320970	2	1	1
chr24	37321120	38894728	3	2	1
chr24	38904807	42397172	2	1	1
chr24	42397744	42428930	3	3	0
chr24	42429268	42604060	2	1	1
chr24	42604608	42711882	4	4	0
chr24	42773599	44594456	2	1	1
chr24	44595902	46062074	3	2	1
chr24	46062682	47672041	2	1	1
chr25	14815	2541868	2	1	1
chr25	2547060	2865969	4	4	0
chr25	2981592	14215594	2	1	1
chr25	14215766	14287316	1	1	0
chr25	14287456	26715996	2	1	1
chr25	26716146	28281612	2	2	0
chr25	28281766	31280131	2	1	1
chr25	31281729	31363658	4	4	0
chr25	31402306	34794582	2	1	1
chr25	34838954	34855821	4	4	0
chr25	34855974	38670194	2	1	1
chr25	38670346	38748585	3	3	0
chr25	38771254	49516080	2	1	1
chr25	49586928	50305770	3	2	1
chr25	50305966	50986062	2	1	1
chr25	50988682	50994731	4	2	2
chr25	51002777	51628619	2	1	1
chr26	14534	3089280	2	1	1
chr26	3578417	3805644	5	5	0
chr26	3805794	11706100	2	1	1
chr26	11707900	12771429	1	1	0
chr26	12771583	20307876	2	1	1
chr26	20654305	21257280	3	3	0
chr26	21257430	31329036	2	1	1
chr26	31329186	31629090	1	1	0
chr26	31761998	37277842	2	1	1
chr26	37277994	37519664	1	1	0
chr26	37519814	38548497	2	2	0
chr26	38550666	38893412	3	3	0
chr26	38893562	38963574	2	2	0
chr27	9008	1433486	2	2	0
chr27	1433636	2692072	2	1	1
chr27	2692208	2780312	3	2	1
chr27	2780722	4750548	2	1	1
chr27	4750698	4798236	4	4	0
chr27	4801736	13135574	2	1	1
chr27	13137580	13185353	1	1	0
chr27	13191628	40593870	2	1	1
chr27	40594024	40982594	1	1	0
chr27	41002270	45856726	2	1	1
chr28	67154	33858428	2	1	1
chr28	33858542	33962292	3	3	0
chr28	34005212	34294992	2	2	0
chr28	34295142	34846345	1	1	0
chr28	34850204	41177906	2	1	1
chr28	41178058	41181554	1	1	0
chr28	41181712	41181712	2	2	0
chr29	35082	19742428	2	1	1
chr29	19749044	19765276	5	5	0
chr29	19765431	22778936	2	2	0
chr29	22779088	22805400	4	4	0
chr29	22817265	27776753	2	2	0
chr29	27777176	28392092	3	3	0
chr29	28488548	34207410	2	1	1
chr29	34207562	36777608	2	2	0
chr29	36833896	37226948	3	3	0
chr29	37256100	38720316	2	2	0
chr29	38720478	38783975	5	5	0
chr29	38788122	41815122	2	2	0
chr30	41440	2676944	2	1	1
chr30	2677094	3152316	1	1	0
chr30	3152730	4135060	5	5	0
chr30	4182036	18424942	2	1	1
chr30	18425099	18541886	4	4	0
chr30	18542036	22771632	2	2	0
chr30	22784772	25564222	2	1	1
chr30	25564446	26585960	1	1	0
chr30	26586099	26988850	2	2	0
chr30	26989000	32330105	2	1	1
chr30	32330420	32695347	3	3	0
chr30	32695799	33619701	2	1	1
chr30	33619884	34376174	3	2	1
chr30	34379826	37691898	2	1	1
chr30	37692012	37704502	1	1	0
chr30	37704622	38601752	2	1	1
chr30	38601902	39249412	2	2	0
chr30	39249793	39808302	3	2	1
chr30	39809552	40211866	2	1	1
chr31	8024	23454068	2	1	1
chr31	23454181	23895653	3	3	0
chr31	23898154	27675356	2	1	1
chr31	27675510	27707362	3	3	0
chr31	27707494	31677808	2	1	1
chr31	31677958	31744260	3	3	0
chr31	31768508	33859798	2	1	1
chr31	33859950	33914746	4	4	0
chr31	33916358	38297938	2	1	1
chr31	38298089	38387248	1	1	0
chr31	38387398	38590556	3	2	1
chr31	38591891	38630860	2	1	1
chr31	38631296	38820676	3	2	1
chr31	38820837	38957242	2	2	0
chr31	38967088	39744639	2	1	1
chr31	39744944	39833124	3	3	0
chr31	39835430	39893560	2	1	1
chr32	67584	8224143	2	1	1
chr32	8242051	8257045	4	4	0
chr32	8259468	18031844	2	1	1
chr32	18048747	20535580	4	2	2
chr32	20565322	38724876	2	1	1
chr33	13756	1130170	2	1	1
chr33	1147903	1551915	1	1	0
chr33	1552080	11193634	2	1	1
chr33	11193784	11305927	3	3	0
chr33	11312798	19884311	2	1	1
chr33	20061574	20541034	3	3	0
chr33	22005118	28306558	2	1	1
chr33	28347648	28419483	1	1	0
chr33	28421320	30855614	2	1	1
chr33	30855764	31073246	4	4	0
chr33	31073968	31360258	2	1	1
chr34	111379	3559186	2	1	1
chr34	3572014	3804002	4	2	2
chr34	3807683	8388298	2	1	1
chr34	8407218	10896527	3	2	1
chr34	10896688	11001810	2	2	0
chr34	11001967	16827802	2	1	1
chr34	16837473	16861674	4	4	0
chr34	16862764	42103540	2	1	1
chr35	56528	2519479	2	1	1
chr35	2669538	2962762	1	1	0
chr35	2962912	7237444	2	1	1
chr35	7244287	7255028	3	3	0
chr35	7264254	13953057	2	1	1
chr35	13953220	14406676	1	1	0
chr35	14416112	15747908	2	1	1
chr35	15748026	16042188	3	3	0
chr35	16042338	20100854	2	1	1
chr35	20101004	23677392	2	2	0
chr35	23677542	24359000	2	1	1
chr35	24359150	24444610	1	1	0
chr35	24448849	25694152	2	1	1
chr35	25694302	25945788	1	1	0
chr35	25978456	26508683	2	1	1
chr36	311666	1355052	3	3	0
chr36	1355202	2586540	2	2	0
chr36	2586690	16501086	2	1	1
chr36	16501790	16628184	4	4	0
chr36	16631198	24646226	2	2	0
chr36	24646366	30808270	2	1	1
chr37	150244	3750836	2	1	1
chr37	3794566	5484260	2	2	0
chr37	5496314	12458226	2	1	1
chr37	12458376	12507590	4	4	0
chr37	12509078	18724572	2	1	1
chr37	18725390	19037592	1	1	0
chr37	19037742	23936807	2	2	0
chr37	23993984	24583554	4	4	0
chr37	24586759	26367530	2	1	1
chr37	26378410	27677623	3	3	0
chr37	27678092	30884852	2	1	1
chr38	43216	2379711	2	1	1
chr38	2380426	2430319	4	4	0
chr38	2431416	13727125	2	1	1
chr38	13727276	14079024	3	3	0
chr38	14079174	17221600	2	1	1
chr38	17221942	18536053	3	2	1
chr38	18536928	19254120	2	2	0
chr38	19257123	21059632	2	1	1
chr38	21059782	21107435	1	1	0
chr38	21113294	22319597	2	1	1
chr38	22344746	22874630	3	2	1
chr38	22875742	23871764	2	1	1
