chromosome	start	end	major_cn	minor_cn	total_cn
chr1	252179	926332	3	2	1
chr1	928622	5231362	2	1	1
chr1	5350125	8611178	3	2	1
chr1	8680128	18273987	2	1	1
chr1	18275933	18312224	7	7	0
chr1	18317785	19130786	3	3	0
chr1	19136864	19434254	2	2	0
chr1	19445928	22494756	3	2	1
chr1	22494899	23852682	2	1	1
chr1	23882214	31089823	3	2	1
chr1	31093304	32095608	4	2	2
chr1	32104516	40279816	3	2	1
chr1	40297032	40637232	4	2	2
chr1	40647682	40698556	6	6	0
chr1	40711076	41875892	3	3	0
chr1	41876016	42131114	5	5	0
chr1	42160911	44938722	3	2	1
chr1	44962836	46525285	2	1	1
chr1	46625380	48682883	3	2	1
chr1	48776894	48950407	5	5	0
chr1	48954592	54063081	3	2	1
chr1	54132838	54186452	5	5	0
chr1	54187900	56111052	3	2	1
chr1	56111710	56409106	6	6	0
chr1	56409223	57653404	4	2	2
chr1	57660614	57792896	5	5	0
chr1	57793062	58968824	3	3	0
chr1	59011826	60864012	2	1	1
chr1	60873460	64244940	2	2	0
chr1	64247104	64622470	4	4	0
chr1	64654626	69447354	3	2	1
chr1	69481282	72357688	2	2	0
chr1	72447722	73352869	3	3	0
chr1	73401496	75079460	2	2	0
chr1	75086976	75413674	6	6	0
chr1	75413824	77380894	2	2	0
chr1	77383661	79233326	2	1	1
chr1	79265526	79486074	4	4	0
chr1	80257018	83665528	3	2	1
chr1	83665680	85535620	2	2	0
chr1	85537644	92999532	2	1	1
chr1	93000628	93387608	3	3	0
chr1	93393270	95256924	2	1	1
chr1	95268472	95953093	3	2	1
chr1	95955198	96231199	6	6	0
chr1	96243654	96507396	4	4	0
chr1	96507546	96597754	2	2	0
chr1	96629991	97737582	3	2	1
chr1	97741755	97952358	2	2	0
chr1	97954478	103003386	2	1	1
chr1	103003536	103025282	5	5	0
chr1	103025432	103244368	2	1	1
chr1	103250213	104542774	3	2	1
chr1	104543190	105555088	2	1	1
chr1	105555238	105591770	4	4	0
chr1	105591924	106238032	2	1	1
chr1	106238182	107492632	3	2	1
chr1	107493868	107515442	6	6	0
chr1	107516458	108212884	3	2	1
chr1	108216772	108224324	7	7	0
chr1	108249944	108645320	2	1	1
chr1	108645470	108702898	4	2	2
chr1	108704732	110819375	3	2	1
chr1	110819684	110840210	5	5	0
chr1	110840452	112228111	2	1	1
chr1	112231511	116663864	3	2	1
chr1	116666562	116999358	2	1	1
chr1	117000078	119255978	3	2	1
chr1	119256593	119574676	2	1	1
chr1	119574831	120093432	1	1	0
chr1	120093590	121813729	2	1	1
chr1	121813908	121839476	5	5	0
chr1	121839630	122655590	3	2	1
chr2	22644	1361818	3	3	0
chr2	1361932	3736260	2	2	0
chr2	3736936	7093058	3	2	1
chr2	7095780	8829754	2	2	0
chr2	8835686	8838878	6	6	0
chr2	8852429	9790386	3	3	0
chr2	9900082	10746066	2	2	0
chr2	10757136	11353266	2	1	1
chr2	11359368	11893615	3	2	1
chr2	12012037	12204913	2	2	0
chr2	12206340	18250115	3	3	0
chr2	18251806	19091570	4	4	0
chr2	19092794	23307551	3	2	1
chr2	23317500	24512606	2	1	1
chr2	24512756	24640798	3	3	0
chr2	24640948	25163271	2	2	0
chr2	25237786	28340558	4	4	0
chr2	28347618	30411892	2	1	1
chr2	30412048	30431870	3	3	0
chr2	30440927	30714294	2	2	0
chr2	30805398	31158756	3	3	0
chr2	31212872	31657456	5	5	0
chr2	31657950	31945472	1	1	0
chr2	31945622	39187736	2	1	1
chr2	39187888	39981768	1	1	0
chr2	39981934	44515758	2	1	1
chr2	44515873	44898066	1	1	0
chr2	44918396	53973834	2	1	1
chr2	54017841	55175254	3	2	1
chr2	55183204	56367860	2	1	1
chr2	56370248	56465038	4	4	0
chr2	56529462	60636324	2	1	1
chr2	60782724	60980470	3	2	1
chr2	60987010	61504022	5	5	0
chr2	61555567	63079668	2	1	1
chr2	63081501	63717018	3	2	1
chr2	63717168	64244626	5	5	0
chr2	64254006	64750047	2	1	1
chr2	64805800	64966770	3	3	0
chr2	64980038	68949478	2	1	1
chr2	68964506	68967928	9	9	0
chr2	68977448	71471770	2	1	1
chr2	71471922	72151902	3	2	1
chr2	72152874	77124090	2	1	1
chr2	77124272	79338650	3	2	1
chr2	79339201	79738430	3	3	0
chr2	79738585	79817757	2	2	0
chr2	79824634	80116048	4	4	0
chr2	80116211	81282629	3	3	0
chr2	81283944	81473738	4	4	0
chr2	81473880	85417108	3	2	1
chr3	8314	8314	2	2	0
chr3	25178	46004	6	6	0
chr3	50090	1937000	2	2	0
chr3	1940772	2080098	1	1	0
chr3	2115458	3321446	2	2	0
chr3	3337230	4536377	3	3	0
chr3	4541988	5239442	5	5	0
chr3	5333540	8257844	2	1	1
chr3	8290416	8550320	4	4	0
chr3	8550470	15708176	3	2	1
chr3	15713474	15942912	4	2	2
chr3	15943064	16324804	2	2	0
chr3	16324957	17640432	4	4	0
chr3	17692036	21178308	2	1	1
chr3	21247590	22462354	4	4	0
chr3	22574579	25436464	2	1	1
chr3	25473132	25651175	4	4	0
chr3	25692844	32547050	3	2	1
chr3	32572708	33746708	2	1	1
chr3	33746864	33879128	5	5	0
chr3	33879278	48767908	3	2	1
chr3	48827143	48990302	6	6	0
chr3	48990452	52678698	2	1	1
chr3	52684618	52696292	7	7	0
chr3	52702290	53980317	3	2	1
chr3	53990508	54037954	5	5	0
chr3	54045244	55913194	3	2	1
chr3	55913344	56193490	5	5	0
chr3	56193640	60506758	2	1	1
chr3	60510518	60647054	4	4	0
chr3	60647204	72387266	3	2	1
chr3	72387416	72408274	5	5	0
chr3	72408398	74369467	3	3	0
chr3	74372488	74525976	6	6	0
chr3	74533564	84127179	3	2	1
chr3	84146576	84439386	6	6	0
chr3	84439536	85609544	3	2	1
chr3	85638836	85646408	1	1	0
chr3	85649067	87434172	2	1	1
chr3	87434324	88370218	4	4	0
chr3	88665480	89314438	2	1	1
chr3	89319668	90818816	3	3	0
chr3	90818966	91281176	2	2	0
chr3	91282245	91887855	3	2	1
chr4	16163	415578	3	3	0
chr4	415728	2274856	4	4	0
chr4	2276167	4435188	2	1	1
chr4	4445146	4800960	3	2	1
chr4	4858579	5202655	2	1	1
chr4	5203795	5245858	5	3	2
chr4	5246606	8221008	2	1	1
chr4	8222862	11884730	3	2	1
chr4	11895628	14330454	2	1	1
chr4	14331382	15024578	3	2	1
chr4	15025081	18628288	2	1	1
chr4	18628438	19615330	3	2	1
chr4	19619524	19733118	4	4	0
chr4	19738640	25718404	3	2	1
chr4	25718782	28248269	2	1	1
chr4	28257035	28615320	4	4	0
chr4	28712008	30130804	3	2	1
chr4	30132726	31370910	4	2	2
chr4	31434665	32730494	2	2	0
chr4	32738027	32747145	1	1	0
chr4	32766466	47767969	3	2	1
chr4	47768213	47778172	8	8	0
chr4	47781246	52718146	2	1	1
chr4	52719599	52724492	6	6	0
chr4	52729570	53057714	2	1	1
chr4	53060728	53064828	5	5	0
chr4	53106031	57850080	2	1	1
chr4	57852607	57861928	6	6	0
chr4	57868802	62455620	2	1	1
chr4	62478961	64092593	3	3	0
chr4	64095776	65259632	2	1	1
chr4	65401102	67040940	3	2	1
chr4	67046124	68676294	2	1	1
chr4	68890802	69456674	4	4	0
chr4	69474502	71384754	3	2	1
chr4	71389312	71401853	5	5	0
chr4	71407266	74862888	2	1	1
chr4	74933701	75322692	3	3	0
chr4	75338894	81091320	3	2	1
chr4	81097336	81100800	7	7	0
chr4	81393690	86886593	3	2	1
chr4	86890334	87612194	2	1	1
chr4	87759540	87890980	7	7	0
chr4	88149332	88272406	3	3	0
chr5	22388	2446282	3	2	1
chr5	2556740	4096152	2	2	0
chr5	4099520	4439724	4	4	0
chr5	4458034	5685996	2	2	0
chr5	5686147	5709316	4	4	0
chr5	5740256	6184722	2	2	0
chr5	6185818	7788015	3	3	0
chr5	7960754	12052834	2	1	1
chr5	12096504	12360124	5	5	0
chr5	12360280	13523133	2	2	0
chr5	13524084	16110167	3	2	1
chr5	16110682	19496666	2	1	1
chr5	19499984	19898862	3	2	1
chr5	19900492	24099499	2	1	1
chr5	24100967	24142032	3	3	0
chr5	24143528	30883382	2	1	1
chr5	30890320	30996182	3	3	0
chr5	30997374	32054174	2	1	1
chr5	32054327	32059870	4	4	0
chr5	32060666	32514352	2	1	1
chr5	32514657	32882108	2	2	0
chr5	32882496	33051060	2	1	1
chr5	33054355	33069614	4	4	0
chr5	33069841	34291688	3	2	1
chr5	34292780	36073730	2	1	1
chr5	36075122	40524232	3	2	1
chr5	40525808	40571130	6	6	0
chr5	40571301	40872393	3	2	1
chr5	40872548	45761226	2	1	1
chr5	45783332	48313555	3	2	1
chr5	48346538	48858666	2	2	0
chr5	48862766	49554330	4	4	0
chr5	49647466	50478628	2	1	1
chr5	50491264	50968408	5	3	2
chr5	50968562	54525545	2	1	1
chr5	54528506	54662907	4	4	0
chr5	54665929	58494190	2	1	1
chr5	58509085	58908041	4	4	0
chr5	58963434	61682236	2	1	1
chr5	61687726	61848172	4	4	0
chr5	61852674	65455717	2	1	1
chr5	65497480	65606718	5	3	2
chr5	65611100	75269291	3	2	1
chr5	75273794	75280068	6	6	0
chr5	75288205	75766151	3	3	0
chr5	75768918	76122521	4	4	0
chr5	76126372	78609953	2	1	1
chr5	78814566	79793542	4	4	0
chr5	79793700	79861256	2	2	0
chr5	79884839	79961777	4	4	0
chr5	79962634	81465088	3	3	0
chr5	81476703	81518164	5	5	0
chr5	81518657	86743704	3	2	1
chr5	86783180	88735270	3	3	0
chr6	311634	9067876	3	2	1
chr6	9068364	9076091	6	6	0
chr6	9079710	12886488	3	2	1
chr6	12930720	13083832	5	5	0
chr6	13134892	16927138	3	2	1
chr6	16944764	16948508	7	7	0
chr6	16950508	24187912	3	2	1
chr6	24189980	24278020	2	1	1
chr6	24278632	36375374	3	2	1
chr6	36375913	36418122	4	4	0
chr6	36419101	43200384	3	2	1
chr6	43211147	43374709	4	4	0
chr6	43380836	44478120	2	1	1
chr6	44679726	47137110	4	4	0
chr6	47137260	49531860	2	1	1
chr6	49554264	50184914	3	3	0
chr6	50188792	57926647	3	2	1
chr6	57931879	58695288	4	2	2
chr6	58860905	63922570	3	2	1
chr6	63979904	66958613	2	1	1
chr6	66960001	72672478	3	2	1
chr6	72672628	74153349	6	6	0
chr6	74164232	75964108	2	1	1
chr6	76068490	76070117	1	1	0
chr6	76080347	77539234	3	2	1
chr7	26328	1967056	3	2	1
chr7	1967206	2009352	6	6	0
chr7	2009950	9631056	3	2	1
chr7	9687294	9720470	6	6	0
chr7	9720610	12006450	3	2	1
chr7	12013550	12302567	2	1	1
chr7	12302723	15502664	3	2	1
chr7	15502814	15732472	2	2	0
chr7	15732622	18323060	3	2	1
chr7	18324494	18338540	1	1	0
chr7	18342374	18919557	3	3	0
chr7	18921244	38369086	3	2	1
chr7	38419846	38963640	3	3	0
chr7	38963790	41164602	3	2	1
chr7	41164752	50814494	3	3	0
chr7	50823389	52796308	5	5	0
chr7	52838642	55330735	3	3	0
chr7	55330892	55506971	5	5	0
chr7	55618198	58002734	2	1	1
chr7	58005385	65277314	3	2	1
chr7	65280696	65765849	5	5	0
chr7	65792045	68517522	3	2	1
chr7	68546166	69231185	5	5	0
chr7	69237144	72677400	3	2	1
chr7	72690377	73055206	4	4	0
chr7	73149974	73603776	2	1	1
chr7	73603926	73888373	4	2	2
chr7	73911922	80799185	3	2	1
chr7	80821248	80962210	5	5	0
chr7	80973108	80974448	3	3	0
chr8	45054	10401033	3	2	1
chr8	10403503	10701512	3	3	0
chr8	10706005	12956526	2	1	1
chr8	12956682	13520279	4	4	0
chr8	13520412	19102478	3	2	1
chr8	19367644	22367411	2	1	1
chr8	22369864	28835522	3	2	1
chr8	28854812	28867378	5	5	0
chr8	28867533	32011322	3	2	1
chr8	32011472	32377024	2	1	1
chr8	32377147	39502334	3	2	1
chr8	39502484	39732702	5	5	0
chr8	39820495	44239864	3	2	1
chr8	44240018	45932738	2	1	1
chr8	45946328	50160404	3	2	1
chr8	50163538	50228245	4	2	2
chr8	50233992	54001056	2	1	1
chr8	54001206	55538890	7	7	0
chr8	55539040	56531164	4	4	0
chr8	56596780	64751517	3	2	1
chr8	64753322	64886604	2	2	0
chr8	64886732	65273187	2	1	1
chr8	65277061	66642766	2	2	0
chr8	66688210	69216586	3	2	1
chr8	69217134	69223974	8	8	0
chr8	69224940	71821006	3	2	1
chr8	71821487	72095672	5	5	0
chr8	72095822	72272298	4	4	0
chr8	72272448	74293167	3	2	1
chr9	11980	3074438	3	2	1
chr9	3074591	3502042	4	4	0
chr9	3502192	3715713	3	2	1
chr9	3737688	3831633	2	2	0
chr9	3843510	5266664	3	2	1
chr9	5267189	5362146	4	4	0
chr9	5366160	15450661	3	2	1
chr9	15500457	16436766	2	2	0
chr9	16436916	18750226	3	2	1
chr9	18754777	19024023	4	4	0
chr9	19034408	19833721	3	2	1
chr9	19842777	20142930	4	2	2
chr9	20143422	20423714	3	2	1
chr9	20429680	20710732	4	2	2
chr9	20714744	24069698	3	2	1
chr9	24071913	24078169	5	5	0
chr9	24083544	24793788	2	1	1
chr9	24793938	29148416	3	2	1
chr9	29148566	31370528	2	2	0
chr9	31386068	35843284	3	3	0
chr9	35856840	35964436	5	5	0
chr9	35980638	38406704	3	3	0
chr9	38408263	39074794	2	2	0
chr9	39074954	41778712	3	2	1
chr9	41778862	41884156	4	4	0
chr9	41885532	42784083	2	1	1
chr9	42784492	42887513	3	3	0
chr9	42888582	46770352	3	2	1
chr9	46771336	46810519	5	5	0
chr9	46815260	49243400	2	1	1
chr9	49243553	49521105	3	2	1
chr9	49521256	51960772	2	1	1
chr9	51961942	52308512	3	2	1
chr9	52316058	54504732	2	1	1
chr9	54504886	54536254	5	5	0
chr9	54536404	55111662	3	2	1
chr9	55113530	58815678	2	1	1
chr9	58825566	59011403	5	5	0
chr9	59043438	59809632	2	1	1
chr9	59810594	59830624	7	7	0
chr9	59836432	60007068	3	2	1
chr9	60032562	60034408	6	3	3
chr9	60034526	60918072	2	1	1
chr9	60980452	61042436	3	3	0
chr10	16721	2075679	3	2	1
chr10	2078630	2773426	2	1	1
chr10	2773678	7168206	3	2	1
chr10	7169722	7228380	5	5	0
chr10	7230655	9063686	3	2	1
chr10	9063804	10407548	2	2	0
chr10	10410031	13423782	3	2	1
chr10	13425034	13747348	5	3	2
chr10	13760248	17586772	3	2	1
chr10	17589430	18119690	4	4	0
chr10	18119852	23385916	3	2	1
chr10	23390230	23420496	5	5	0
chr10	23424916	31136490	3	2	1
chr10	31140174	31170406	6	6	0
chr10	31170560	38462598	3	2	1
chr10	38462748	38565544	4	4	0
chr10	38565694	40327374	2	2	0
chr10	40327530	42677710	3	2	1
chr10	42677828	42933771	2	2	0
chr10	42940791	45675644	3	2	1
chr10	45676680	45750990	5	5	0
chr10	45751164	66802742	3	2	1
chr10	66802892	67164827	4	4	0
chr10	67165666	68018814	3	2	1
chr10	68018964	68061022	2	2	0
chr10	68073122	69029838	3	2	1
chr10	69037927	69058092	2	2	0
chr10	69058242	69291085	3	2	1
chr10	69293136	69327992	2	1	1
chr11	115708	1645912	2	2	0
chr11	1679081	2276522	3	2	1
chr11	2276679	3358000	2	1	1
chr11	3359070	6121127	3	2	1
chr11	6139975	7313221	2	2	0
chr11	7314196	13051410	2	1	1
chr11	13051560	13191770	2	2	0
chr11	13203755	15902908	3	2	1
chr11	15903059	15904563	9	9	0
chr11	15908390	22722336	2	1	1
chr11	22727514	23314458	3	2	1
chr11	23370374	31359598	2	1	1
chr11	31359748	32228891	4	4	0
chr11	32870986	36763278	2	2	0
chr11	36805243	37061826	4	4	0
chr11	37061972	38922456	2	2	0
chr11	38924610	39105872	4	2	2
chr11	39112704	41721769	2	1	1
chr11	41973008	42574160	3	3	0
chr11	42652226	47585430	2	1	1
chr11	47887208	49724974	4	4	0
chr11	49732658	50692816	3	2	1
chr11	50695256	50948605	4	4	0
chr11	50959245	52723832	2	1	1
chr11	52731133	52980660	4	4	0
chr11	52989452	54630113	2	1	1
chr11	54632509	54703206	3	2	1
chr11	54706984	55944887	2	1	1
chr11	55947438	56025504	5	5	0
chr11	56025661	62886316	2	1	1
chr11	62928232	64002972	4	4	0
chr11	64028168	65175184	2	1	1
chr11	65190420	65437978	2	2	0
chr11	65464418	66202644	2	1	1
chr11	66205712	66257676	4	2	2
chr11	66257833	74369728	2	1	1
chr12	97582	220155	2	1	1
chr12	220563	463462	3	2	1
chr12	463612	477955	4	2	2
chr12	482132	2414578	2	1	1
chr12	2416272	2438020	4	2	2
chr12	2503382	11334784	2	1	1
chr12	11358724	11435034	4	2	2
chr12	11445298	12822748	3	2	1
chr12	12960958	17850121	2	1	1
chr12	17850744	19223530	3	3	0
chr12	19223680	21626240	2	1	1
chr12	21645602	21647008	4	2	2
chr12	21659558	24137104	2	1	1
chr12	24194414	26142058	3	2	1
chr12	26142244	26852928	6	4	2
chr12	26853083	28088450	2	2	0
chr12	28117341	32845200	3	2	1
chr12	32845442	34184691	3	3	0
chr12	34267197	35513124	2	2	0
chr12	35514368	35741356	3	3	0
chr12	35741471	38963952	2	2	0
chr12	39023678	39550712	4	4	0
chr12	39563400	45719112	2	1	1
chr12	45720114	46685684	3	2	1
chr12	46739364	56621950	2	1	1
chr12	56758128	57139572	1	1	0
chr12	57151274	62764948	2	1	1
chr12	62778856	63484275	3	2	1
chr12	63489571	63972500	2	1	1
chr12	63981094	65294264	3	2	1
chr12	65294416	65395678	4	4	0
chr12	65422768	71677076	2	1	1
chr12	71705468	71791794	4	4	0
chr12	71794269	72482970	2	1	1
chr12	72483140	72489359	3	3	0
chr13	41196	7599376	3	2	1
chr13	7599490	16769700	2	1	1
chr13	16769850	16928394	4	4	0
chr13	16936820	19685682	2	1	1
chr13	19751624	21616296	3	2	1
chr13	21619295	44246460	2	1	1
chr13	44246592	44760772	3	3	0
chr13	44767289	46002404	2	2	0
chr13	46002566	50973634	2	1	1
chr13	51123466	52364668	7	7	0
chr13	52368152	52595760	4	4	0
chr13	52740532	56466046	2	1	1
chr13	56483644	58019610	3	2	1
chr13	58019760	61591033	2	1	1
chr13	61591186	61903040	3	3	0
chr13	61906974	63230496	2	2	0
chr14	31032	6724681	2	1	1
chr14	6724848	6852786	4	4	0
chr14	6912876	7722272	3	3	0
chr14	7724854	11445100	2	1	1
chr14	11505106	11684896	6	6	0
chr14	11685046	20128322	2	1	1
chr14	20128472	20309446	3	2	1
chr14	20412743	22067950	2	1	1
chr14	22069934	22075706	4	4	0
chr14	22080774	34789078	2	1	1
chr14	34789232	35382980	4	2	2
chr14	35411678	36528150	2	1	1
chr14	36531514	37828905	3	2	1
chr14	37831174	38937873	2	1	1
chr14	38939220	39349880	3	3	0
chr14	39352670	45021286	2	1	1
chr14	45021404	45200842	3	2	1
chr14	45200997	53305158	2	1	1
chr14	53308360	53312138	1	1	0
chr14	53378610	59433958	2	1	1
chr14	59435216	59902734	3	2	1
chr14	59902884	60964327	2	1	1
chr15	235990	3573279	2	1	1
chr15	3631350	4807354	3	2	1
chr15	4809426	4862982	5	5	0
chr15	4871870	4975070	3	3	0
chr15	4979580	5174836	6	6	0
chr15	5176718	10653348	2	1	1
chr15	10690558	10755410	1	1	0
chr15	10755560	12427538	2	1	1
chr15	12427693	12487592	5	5	0
chr15	12522090	14453438	2	1	1
chr15	14457932	14846873	3	3	0
chr15	14855392	19949122	2	1	1
chr15	19949302	20111348	6	6	0
chr15	20118710	20683052	2	2	0
chr15	20700429	20712120	4	4	0
chr15	20712270	29266154	2	1	1
chr15	29267102	29687720	2	2	0
chr15	29699708	30382250	3	3	0
chr15	30388628	31866325	2	2	0
chr15	31872824	31919950	7	7	0
chr15	31929658	36497195	3	2	1
chr15	36501820	36542262	7	7	0
chr15	36544822	37178698	2	2	0
chr15	37178857	37932966	4	4	0
chr15	37933105	39605844	2	2	0
chr15	39607572	39641502	3	3	0
chr15	39642952	41694279	2	1	1
chr15	41694835	42618260	3	2	1
chr15	42626898	63679562	2	1	1
chr15	63680829	63692486	6	3	3
chr15	63698359	63941710	2	2	0
chr15	63951951	64082814	4	4	0
chr15	64082964	64158922	2	2	0
chr16	87142	10774142	2	1	1
chr16	10775229	12189700	2	2	0
chr16	12189824	16117537	2	1	1
chr16	16120957	16842607	3	2	1
chr16	16939951	19512792	2	1	1
chr16	19514768	19806394	3	3	0
chr16	19809542	27638970	2	1	1
chr16	27639125	27825402	3	3	0
chr16	27825554	45566871	2	1	1
chr16	45607372	45758455	3	3	0
chr16	45773608	48044271	2	1	1
chr16	48333972	50773480	3	3	0
chr16	50784106	53944182	2	1	1
chr16	53966332	56673572	3	2	1
chr16	56718076	59532000	2	1	1
chr16	59532150	59533045	3	3	0
chr17	21072	874214	3	3	0
chr17	875082	4488482	2	2	0
chr17	4488600	5719057	3	3	0
chr17	5723622	8530440	3	2	1
chr17	8532008	9226860	2	2	0
chr17	9227015	10440646	4	2	2
chr17	10659852	11465928	3	2	1
chr17	11466743	14967176	2	1	1
chr17	14971002	15439368	3	2	1
chr17	15439518	15490850	5	5	0
chr17	15550196	16728284	2	1	1
chr17	16749218	29510942	3	2	1
chr17	29514576	29522592	7	7	0
chr17	29524594	30278466	2	1	1
chr17	30438852	35163769	3	2	1
chr17	35172467	35238568	2	1	1
chr17	35240228	35256792	5	5	0
chr17	35269576	60861896	3	2	1
chr17	60863630	60879862	6	6	0
chr17	60880013	61491184	3	2	1
chr17	61541552	61543684	7	7	0
chr17	61573202	63822388	3	2	1
chr17	63822538	63898437	5	5	0
chr17	63898590	64239642	3	2	1
chr18	15640	179678	3	2	1
chr18	179828	184938	5	3	2
chr18	185088	1350536	3	2	1
chr18	1350686	1676672	2	2	0
chr18	1683906	2448270	2	1	1
chr18	2458664	3564468	2	2	0
chr18	3564627	7867975	2	1	1
chr18	7879870	9766660	3	2	1
chr18	9766813	12561600	2	1	1
chr18	12565726	12580702	4	4	0
chr18	12580814	14848459	2	1	1
chr18	14854558	14877274	5	3	2
chr18	14877424	31706775	2	1	1
chr18	31706928	31709365	5	5	0
chr18	31716995	32578820	2	2	0
chr18	32594684	32657716	6	6	0
chr18	32659708	40039058	2	1	1
chr18	40039185	40060336	6	6	0
chr18	40065436	41630129	2	1	1
chr18	41632838	42064530	3	2	1
chr18	42065055	53796629	2	1	1
chr18	53810484	53860166	4	2	2
chr18	53860984	54001502	3	2	1
chr18	54001652	55814650	2	1	1
chr19	12695	2455375	2	2	0
chr19	2461488	2889104	1	1	0
chr19	2889239	8729270	2	1	1
chr19	8729420	9222324	3	3	0
chr19	9222474	17977980	2	1	1
chr19	17988109	17991660	7	7	0
chr19	17998416	21388610	2	1	1
chr19	21388750	22007014	4	4	0
chr19	22066184	29383577	2	1	1
chr19	29462998	29767998	4	4	0
chr19	29768408	44047558	2	1	1
chr19	44047708	44524180	4	4	0
chr19	44524342	48410414	2	1	1
chr19	48424494	50247330	3	2	1
chr19	50264158	50268580	1	1	0
chr19	50396543	51173038	3	2	1
chr19	51174718	51685700	5	5	0
chr19	51813784	53732236	2	1	1
chr20	25920	4195124	3	3	0
chr20	4195282	5178384	2	1	1
chr20	5182249	5498492	4	2	2
chr20	5498647	8799422	3	3	0
chr20	8800604	9385584	2	2	0
chr20	9397934	9473232	4	4	0
chr20	9478132	12493404	2	1	1
chr20	12495502	12628933	4	4	0
chr20	12629088	18854950	2	1	1
chr20	18856315	19118768	4	4	0
chr20	19118914	20258338	2	2	0
chr20	20273216	20300456	7	7	0
chr20	20300606	22073599	3	3	0
chr20	22099054	22465606	5	5	0
chr20	22476845	24466143	3	2	1
chr20	24480654	28221920	4	4	0
chr20	28324424	29303553	2	1	1
chr20	29405144	33195201	3	2	1
chr20	33195900	40333102	2	1	1
chr20	40336390	40337023	7	7	0
chr20	40348804	43082303	2	2	0
chr20	43082900	44017288	3	3	0
chr20	44020994	44028464	6	6	0
chr20	44036106	46976776	3	3	0
chr20	46977740	47012640	6	6	0
chr20	47013095	50544112	3	2	1
chr20	50551329	50568778	6	6	0
chr20	50570493	50945588	3	3	0
chr20	50945989	53604088	3	2	1
chr20	53604242	53708940	4	2	2
chr20	53710168	53974498	3	2	1
chr20	53978124	54428944	2	1	1
chr20	54429106	54647643	3	2	1
chr20	54649860	57385334	2	1	1
chr20	57385484	57395172	4	4	0
chr20	57406624	58095322	3	2	1
chr21	15722	16152	3	3	0
chr21	31602	20674505	2	1	1
chr21	20703078	21341635	3	2	1
chr21	21361002	28047954	2	1	1
chr21	28059536	28069154	6	3	3
chr21	28069305	28242246	2	1	1
chr21	28242402	28247768	5	3	2
chr21	28254330	31791524	2	1	1
chr21	31791685	31892374	5	5	0
chr21	31894554	47978874	2	1	1
chr21	47995430	48055366	6	6	0
chr21	48057406	50855618	2	1	1
chr22	75033	388518	2	2	0
chr22	400112	2587933	2	1	1
chr22	2599887	3018690	1	1	0
chr22	3029312	6012931	2	1	1
chr22	6013850	6081973	3	3	0
chr22	6109311	9148596	2	1	1
chr22	9148750	9205572	3	2	1
chr22	9237678	10213196	2	2	0
chr22	10327049	13239977	4	4	0
chr22	13865088	25228058	2	1	1
chr22	25255942	26871306	1	1	0
chr22	26871456	37922076	2	1	1
chr22	37922226	38319860	4	4	0
chr22	38783678	55267358	2	1	1
chr22	55566114	57036516	2	2	0
chr22	57036666	57037408	4	4	0
chr22	57052933	58224512	2	2	0
chr22	58224662	61378050	2	1	1
chr23	1992	789858	2	1	1
chr23	865188	3984708	3	2	1
chr23	3985942	4053160	5	5	0
chr23	4053280	4195762	3	2	1
chr23	4195928	4813112	2	2	0
chr23	4865100	13048662	3	2	1
chr23	13049532	13739155	2	2	0
chr23	13739972	18482550	2	1	1
chr23	18623992	19547134	4	4	0
chr23	19577312	29077616	3	2	1
chr23	29098804	29174917	4	4	0
chr23	29175072	29294921	8	8	0
chr23	29302654	31905312	3	2	1
chr23	31911810	32390058	4	4	0
chr23	32420094	34364558	3	2	1
chr23	34364674	34378256	8	8	0
chr23	34381260	35249714	3	2	1
chr23	35303740	35469230	6	6	0
chr23	35469380	38646316	3	2	1
chr23	38694984	38696158	1	1	0
chr23	38712916	45771462	3	2	1
chr23	45774217	46974954	2	1	1
chr23	46975104	48398389	3	3	0
chr23	48399005	48534952	2	1	1
chr23	48535114	48851204	4	4	0
chr23	48917954	50645618	2	1	1
chr23	50651392	50781294	5	5	0
chr23	50781450	52293696	3	2	1
chr24	71316	1216111	3	2	1
chr24	1226334	1934966	4	4	0
chr24	1935116	2751454	3	2	1
chr24	2752424	4605222	2	1	1
chr24	4609423	4700424	4	4	0
chr24	4700854	6307596	3	2	1
chr24	6313336	10603690	2	1	1
chr24	10603840	21661770	3	2	1
chr24	21686366	21692686	7	7	0
chr24	21699396	28774873	3	2	1
chr24	28869800	28966850	7	7	0
chr24	29075508	33639344	3	2	1
chr24	33684822	33742800	6	6	0
chr24	33744749	37214197	3	2	1
chr24	37214348	38643768	2	1	1
chr24	38653586	43835708	3	2	1
chr24	43835858	44488090	2	1	1
chr24	44488578	47672041	3	2	1
chr25	14815	17238	4	4	0
chr25	135660	1516070	2	2	0
chr25	1520924	1642378	4	4	0
chr25	1775389	9340058	2	1	1
chr25	9347425	9372108	4	4	0
chr25	9372250	14288946	2	1	1
chr25	14355226	14652216	4	4	0
chr25	14674602	24125088	2	1	1
chr25	24125558	24751156	4	4	0
chr25	24751308	25703922	2	1	1
chr25	25704078	26002510	4	4	0
chr25	26014120	27216048	3	2	1
chr25	27219376	29840085	2	1	1
chr25	29847688	29919660	1	1	0
chr25	29919810	31281729	2	1	1
chr25	31331410	31630762	4	4	0
chr25	31651292	33140988	2	1	1
chr25	33147674	33481907	6	6	0
chr25	33491056	34743708	2	2	0
chr25	34744663	34855821	4	4	0
chr25	34855974	42207058	2	1	1
chr25	42207208	42318715	3	2	1
chr25	42320034	42326742	6	6	0
chr25	42333104	49119337	3	2	1
chr25	49128219	49325836	4	4	0
chr25	49327491	50434322	2	1	1
chr25	50435926	51628619	3	2	1
chr26	14534	1695468	2	1	1
chr26	1699490	1702843	6	3	3
chr26	1715720	4881466	2	1	1
chr26	4884546	7599166	3	2	1
chr26	7599323	9151482	2	1	1
chr26	9153808	9188358	1	1	0
chr26	9224168	10007391	2	1	1
chr26	10014664	10251446	4	4	0
chr26	10251598	11706100	2	1	1
chr26	11707900	12632076	6	6	0
chr26	12710508	13030468	2	1	1
chr26	13121726	13393744	2	2	0
chr26	13396022	23600462	2	1	1
chr26	23600612	23601996	3	2	1
chr26	23602146	24292162	2	1	1
chr26	24293466	25145185	3	2	1
chr26	25145430	27354038	2	1	1
chr26	27354286	27620458	3	2	1
chr26	27622054	28521462	2	1	1
chr26	28522016	29113440	3	2	1
chr26	29113898	29186726	4	4	0
chr26	29189954	38036583	2	1	1
chr26	38036738	38963574	3	2	1
chr27	9008	293042	3	3	0
chr27	305184	305908	7	7	0
chr27	331659	559290	2	2	0
chr27	579716	1430166	3	3	0
chr27	1432736	1747188	2	1	1
chr27	1748400	2104395	3	3	0
chr27	2107446	3505518	2	1	1
chr27	3507408	3860138	3	2	1
chr27	3865840	3903326	6	6	0
chr27	3903846	4747813	3	2	1
chr27	4750548	4761928	5	5	0
chr27	4762078	5687349	3	2	1
chr27	5693936	5702186	5	5	0
chr27	5702531	5982772	3	2	1
chr27	5997954	6898720	2	1	1
chr27	6904700	6951516	4	4	0
chr27	6951791	8487470	2	1	1
chr27	8494994	8655146	4	4	0
chr27	8689638	10329490	2	1	1
chr27	10332134	10342404	1	1	0
chr27	10345114	16190231	3	2	1
chr27	16211849	16268399	5	3	2
chr27	16272903	18075058	3	2	1
chr27	18081284	18252848	7	7	0
chr27	18274782	32128618	3	2	1
chr27	32130292	32145732	5	5	0
chr27	32145882	36868784	2	1	1
chr27	36870940	37790919	3	2	1
chr27	37795198	37802689	7	4	3
chr27	37809670	42397661	2	1	1
chr27	42398186	42507722	4	4	0
chr27	42577332	42895996	2	1	1
chr27	42899048	42902553	8	8	0
chr27	42904508	45509640	3	2	1
chr27	45510782	45856434	4	2	2
chr27	45856584	45856726	2	2	0
chr28	67154	6453851	2	1	1
chr28	6455826	7510674	3	2	1
chr28	7510824	7603321	4	4	0
chr28	7604816	10194122	2	1	1
chr28	10194272	10295468	4	4	0
chr28	10300980	10997002	2	1	1
chr28	10999317	11073680	4	4	0
chr28	11077160	14686150	2	1	1
chr28	14689314	14759228	4	4	0
chr28	14759378	22368304	2	1	1
chr28	22368454	23204622	3	3	0
chr28	23204741	24149478	2	1	1
chr28	24154715	24429662	3	3	0
chr28	24429812	27972388	2	1	1
chr28	27972556	28315752	3	3	0
chr28	28315902	33315144	2	1	1
chr28	33337712	34027644	3	3	0
chr28	34027777	35698753	3	2	1
chr28	35720344	35973304	4	4	0
chr28	35976031	37012694	2	1	1
chr28	37012844	37640334	3	2	1
chr28	37641698	38730532	2	1	1
chr28	38739097	39042662	2	2	0
chr28	39044694	39599472	3	2	1
chr28	39599620	40329300	2	2	0
chr28	40334738	40451676	1	1	0
chr28	40463950	41181712	2	1	1
chr29	35082	4594254	2	1	1
chr29	4594407	5980724	3	2	1
chr29	5980882	8389096	2	1	1
chr29	8389258	28225894	3	2	1
chr29	28227746	28385932	5	3	2
chr29	28386080	28938896	3	2	1
chr29	28939046	29152250	5	5	0
chr29	29162355	31941677	3	2	1
chr29	31942754	31945546	7	7	0
chr29	31959244	36834946	3	2	1
chr29	36835096	37709758	4	2	2
chr29	37710450	38391581	2	2	0
chr29	38430284	38606570	7	4	3
chr29	38607584	38868476	3	2	1
chr29	38875317	39666652	4	2	2
chr29	39667652	40014866	3	2	1
chr29	40021888	41024742	4	2	2
chr29	41029120	41143654	2	1	1
chr29	41192584	41769329	3	2	1
chr29	41794026	41815122	2	2	0
chr30	41440	1216976	2	1	1
chr30	1218496	1224566	5	5	0
chr30	1226431	3431106	2	1	1
chr30	3501112	4129878	3	2	1
chr30	4135060	9151046	2	1	1
chr30	9151188	9155240	5	5	0
chr30	9156485	10412805	2	1	1
chr30	10413101	10431104	4	4	0
chr30	10431254	14959528	2	1	1
chr30	14959678	16756354	2	2	0
chr30	16759266	24083624	3	2	1
chr30	24083779	27503777	2	1	1
chr30	27504862	30952506	3	2	1
chr30	31013306	31150906	5	5	0
chr30	31245732	31966944	2	2	0
chr30	31967094	32147828	1	1	0
chr30	32147978	32775378	3	2	1
chr30	32775528	32961192	4	3	1
chr30	32962588	33618898	2	1	1
chr30	33619048	33896514	3	2	1
chr30	33912114	34379826	6	6	0
chr30	34380911	36961306	2	1	1
chr30	36961456	38825278	3	2	1
chr30	38827986	39235586	2	1	1
chr30	39246078	39964590	3	2	1
chr30	39964746	40211866	2	1	1
chr31	8024	8178	2	2	0
chr31	8332	11351579	3	2	1
chr31	11353008	11857980	4	2	2
chr31	11858131	12124288	8	8	0
chr31	12124438	14715406	3	3	0
chr31	14722314	21107192	3	2	1
chr31	21109949	21172874	7	4	3
chr31	21179602	22289778	3	2	1
chr31	22332896	23895653	7	7	0
chr31	23898154	27509588	3	2	1
chr31	27516222	28153240	5	3	2
chr31	28153552	31582454	3	2	1
chr31	31586114	32230575	4	2	2
chr31	32244234	32385903	3	2	1
chr31	32386314	32504940	7	7	0
chr31	32511578	37089278	4	2	2
chr31	37090322	37397468	5	3	2
chr31	37397618	38596174	4	2	2
chr31	38596324	38967385	3	2	1
chr31	38969840	39464486	4	2	2
chr31	39464639	39833124	5	5	0
chr31	39835430	39893560	3	2	1
chr32	67584	1424446	3	2	1
chr32	1424921	1505715	6	6	0
chr32	1554950	3749770	3	3	0
chr32	3749910	4231864	2	1	1
chr32	4242810	4490400	4	4	0
chr32	4508293	8123118	3	2	1
chr32	8125326	8261584	4	2	2
chr32	8261752	8597532	2	1	1
chr32	8610504	9056012	4	4	0
chr32	9056142	18132874	3	2	1
chr32	18144010	19902409	4	4	0
chr32	19907196	24610904	2	1	1
chr32	24755106	24812194	8	4	4
chr32	24812344	30360084	3	2	1
chr32	30509728	30553589	5	5	0
chr32	30553752	32406311	3	2	1
chr32	32406462	32418396	8	8	0
chr32	32421738	38724876	3	3	0
chr33	13756	281864	3	2	1
chr33	282014	769926	1	1	0
chr33	785760	7806380	3	2	1
chr33	7808040	12531052	3	3	0
chr33	12536574	12746180	1	1	0
chr33	12778972	16821266	2	1	1
chr33	16826474	16876606	6	6	0
chr33	16880242	20396610	2	1	1
chr33	20396760	22083586	5	5	0
chr33	22109874	25429696	3	2	1
chr33	25431138	25478112	7	7	0
chr33	25485726	27830298	3	2	1
chr33	27837781	28034291	4	2	2
chr33	28041826	29210085	3	2	1
chr33	29212328	29220676	7	7	0
chr33	29222306	29764884	3	2	1
chr33	29767468	29863583	5	5	0
chr33	29878203	30801842	3	2	1
chr33	30855614	31293800	4	2	2
chr33	31332540	31360258	3	2	1
chr34	111379	8930656	3	2	1
chr34	8930806	10229778	4	2	2
chr34	10229928	17189220	3	2	1
chr34	17195590	30311643	2	1	1
chr34	30318041	30327294	5	5	0
chr34	30329944	30971317	2	2	0
chr34	30977516	36197202	2	1	1
chr34	36232914	36302490	5	5	0
chr34	36374062	39587930	2	1	1
chr34	39626487	40442024	3	2	1
chr34	40442175	42103540	2	2	0
chr35	56528	2060874	3	3	0
chr35	2061024	3013467	2	1	1
chr35	3016368	8686888	3	2	1
chr35	8688582	9170136	5	3	2
chr35	9192238	9922752	2	2	0
chr35	9922902	10182516	4	4	0
chr35	10183034	10900448	2	1	1
chr35	10924674	11002272	4	4	0
chr35	11002422	12191662	2	2	0
chr35	12233181	13502910	3	2	1
chr35	13505424	15443062	2	1	1
chr35	15447638	16131534	4	2	2
chr35	16132275	17370224	3	2	1
chr35	17774924	18486489	6	6	0
chr35	18547578	19860710	3	2	1
chr35	19877445	20536350	5	5	0
chr35	20557730	24259700	3	2	1
chr35	24260282	24382296	2	1	1
chr35	24382455	26508683	3	2	1
chr36	311666	1718474	3	3	0
chr36	1718628	14375654	2	1	1
chr36	14382436	14402170	6	6	0
chr36	14420065	17508727	3	2	1
chr36	17513054	17547622	9	9	0
chr36	17548246	20399908	3	2	1
chr36	20402464	25182480	2	1	1
chr36	25236098	25303446	3	3	0
chr36	25306776	26168090	2	1	1
chr36	26168232	28730678	1	1	0
chr36	28734652	30503290	2	1	1
chr36	30504140	30602724	1	1	0
chr36	30603742	30808270	2	1	1
chr37	150244	7209516	2	2	0
chr37	7212436	16618421	2	1	1
chr37	16618572	16733828	3	3	0
chr37	16733985	19316582	2	1	1
chr37	19323579	20218262	3	2	1
chr37	20349406	21842550	2	1	1
chr37	21948534	23575750	3	2	1
chr37	23575905	23687774	5	5	0
chr37	23687924	29437090	3	2	1
chr37	29437252	30884852	2	1	1
chr38	43216	11824204	2	1	1
chr38	11824356	11825730	5	5	0
chr38	11838682	13377656	2	1	1
chr38	13389474	20888242	3	2	1
chr38	20890357	20916335	6	6	0
chr38	20917308	23871764	3	2	1
