chromosome	start	end	total_cn	major_cn	minor_cn
chr1	252179	1421024	3	2	1
chr1	1421174	2729410	1	1	0
chr1	2729569	14986151	3	2	1
chr1	14986304	16812383	4	4	0
chr1	16817756	18298884	3	2	1
chr1	18299036	18321060	10	10	0
chr1	18322742	29657852	3	2	1
chr1	29669510	29920760	6	6	0
chr1	29920925	31989102	2	1	1
chr1	31989238	33116904	1	1	0
chr1	33140020	34069048	2	1	1
chr1	34070822	34878802	3	2	1
chr1	34882147	39326638	2	1	1
chr1	39373206	40682827	1	1	0
chr1	40682978	41259875	2	2	0
chr1	41263628	41267070	5	5	0
chr1	41269638	44363038	2	2	0
chr1	44370702	44548622	1	1	0
chr1	44548772	49894426	2	2	0
chr1	49927428	58373523	1	1	0
chr1	58397746	58494660	2	2	0
chr1	58499648	68957240	1	1	0
chr1	68957390	69136954	2	2	0
chr1	69138642	94623000	1	1	0
chr1	94624355	94799005	2	2	0
chr1	94799172	95955198	1	1	0
chr1	95955352	96153634	2	2	0
chr1	96153784	100548630	1	1	0
chr1	100549997	100602838	2	2	0
chr1	100602988	104834203	1	1	0
chr1	104876124	104901602	5	5	0
chr1	104905149	110050952	2	1	1
chr1	110051156	110148618	1	1	0
chr1	110149124	112737116	2	1	1
chr1	112737652	113261433	3	2	1
chr1	113261592	113291646	2	2	0
chr1	113291796	113643494	3	3	0
chr1	113643712	114186578	2	2	0
chr1	114186728	115348421	3	2	1
chr1	115348580	116142404	1	1	0
chr1	116142558	120470416	3	2	1
chr1	120470573	121124245	1	1	0
chr1	121124402	121782033	3	2	1
chr1	121782188	122312470	2	1	1
chr1	122413112	122655590	1	1	0
chr2	22644	16069462	1	1	0
chr2	16069613	16456357	2	2	0
chr2	16461254	28078980	1	1	0
chr2	28084624	28106888	2	2	0
chr2	28108642	30699556	1	1	0
chr2	30701036	32188600	2	2	0
chr2	32189252	35050094	1	1	0
chr2	35050249	35554172	2	2	0
chr2	35559669	48176826	1	1	0
chr2	48176980	48341876	0	0	0
chr2	48342026	60976574	1	1	0
chr2	60976724	61556020	2	2	0
chr2	61556171	63539912	1	1	0
chr2	63614629	64244626	2	2	0
chr2	64254006	67832222	1	1	0
chr2	67832372	67903402	2	2	0
chr2	67905006	70212706	1	1	0
chr2	70214096	71286113	0	0	0
chr2	71286504	74593188	1	1	0
chr2	74593338	74832574	2	2	0
chr2	74840662	85217294	1	1	0
chr2	85217444	85225040	2	2	0
chr2	85225172	85395259	1	1	0
chr2	85397982	85417108	2	2	0
chr3	8314	4064992	2	2	0
chr3	4083310	4770994	5	5	0
chr3	4771144	11354842	2	1	1
chr3	11355852	12111340	1	1	0
chr3	12323769	25505224	2	1	1
chr3	25505379	25692844	5	5	0
chr3	25704922	27503758	2	1	1
chr3	27508632	27553064	1	1	0
chr3	27553214	40168584	2	1	1
chr3	40225548	40320653	1	1	0
chr3	40368734	44576782	2	1	1
chr3	44577208	45845464	2	2	0
chr3	45845639	47193818	3	2	1
chr3	47198038	47589936	1	1	0
chr3	47590088	70358572	2	1	1
chr3	70358731	70515399	6	6	0
chr3	70640996	85649067	2	1	1
chr3	85650357	86188066	5	5	0
chr3	86188668	90688586	2	1	1
chr3	90688736	90826892	1	1	0
chr3	90827042	91887855	2	1	1
chr4	16163	1056816	2	2	0
chr4	1056966	4194384	1	1	0
chr4	4196738	4356890	2	2	0
chr4	4386310	5200062	1	1	0
chr4	5202655	5245400	3	3	0
chr4	5245552	5648914	1	1	0
chr4	5915788	6351388	3	2	1
chr4	6358854	6541566	1	1	0
chr4	6543243	15690398	2	1	1
chr4	15828510	17146070	1	1	0
chr4	17146487	20607190	2	1	1
chr4	20656872	20855504	4	2	2
chr4	20901228	28232264	2	1	1
chr4	28246854	28969967	4	4	0
chr4	29003680	29892516	2	1	1
chr4	29892670	30970768	5	5	0
chr4	31252197	34662710	2	1	1
chr4	34662860	34783550	1	1	0
chr4	34783700	49547436	2	1	1
chr4	49577818	50120594	4	4	0
chr4	50121964	63044514	2	1	1
chr4	63045262	64092158	1	1	0
chr4	64092308	68664788	2	1	1
chr4	68664938	69714776	3	2	1
chr4	69714891	71697203	2	1	1
chr4	71780654	71938150	1	1	0
chr4	71938292	75349570	2	1	1
chr4	75349720	75351370	1	1	0
chr4	75351520	86362132	2	1	1
chr4	86362262	88271672	3	2	1
chr4	88271822	88272406	2	2	0
chr5	22388	6184722	1	1	0
chr5	6185818	14869572	2	2	0
chr5	14870356	14909210	5	5	0
chr5	14910602	30828628	2	2	0
chr5	30829354	31006726	3	3	0
chr5	31008585	33561015	2	2	0
chr5	33562868	33655708	6	6	0
chr5	33763553	41683848	2	2	0
chr5	41684244	41702156	1	1	0
chr5	41702306	48346975	2	2	0
chr5	48384238	49506784	3	3	0
chr5	49526312	55495488	2	2	0
chr5	55604942	55656146	5	5	0
chr5	55657504	58014218	2	2	0
chr5	58014368	58041221	1	1	0
chr5	58042242	64891536	2	2	0
chr5	64891686	64934855	1	1	0
chr5	64977552	65498102	2	2	0
chr5	65529932	65611398	5	5	0
chr5	65634328	78609490	2	2	0
chr5	78609643	79788112	3	3	0
chr5	79789022	85810028	2	2	0
chr5	85810820	86402946	1	1	0
chr5	86506616	88735270	3	3	0
chr6	311634	14901968	2	1	1
chr6	14904058	15415512	3	2	1
chr6	15415893	16023532	2	1	1
chr6	16025567	16370616	3	2	1
chr6	16370769	28013198	2	1	1
chr6	28013348	28016336	6	6	0
chr6	28020788	39978080	2	1	1
chr6	39978254	39988006	1	1	0
chr6	39988156	40230518	2	1	1
chr6	40230669	40235288	1	1	0
chr6	40235640	49475610	2	1	1
chr6	49475760	49476628	8	8	0
chr6	49497954	63993396	2	1	1
chr6	64032237	65370845	1	1	0
chr6	65375722	67385108	2	2	0
chr6	67398041	68147949	4	4	0
chr6	68149066	72339383	2	1	1
chr6	72520936	74164382	4	4	0
chr6	74164532	77393624	2	2	0
chr6	77395153	77538915	4	4	0
chr6	77539074	77539234	3	3	0
chr7	26328	1470958	2	2	0
chr7	1471096	1481112	1	1	0
chr7	1481262	1566456	3	3	0
chr7	1567351	1924606	1	1	0
chr7	1927214	2015884	3	3	0
chr7	2016034	2024440	1	1	0
chr7	2024578	4207385	2	2	0
chr7	4209665	4216312	5	5	0
chr7	4218916	5277929	2	2	0
chr7	5278084	22448582	2	1	1
chr7	22448764	23002914	3	2	1
chr7	23003067	23560367	2	1	1
chr7	23563190	24297090	3	2	1
chr7	24297222	40811160	2	1	1
chr7	40811310	40915712	1	1	0
chr7	40915845	44845889	2	1	1
chr7	44847820	45000220	4	4	0
chr7	45000370	72704906	2	1	1
chr7	72705056	72705200	5	5	0
chr7	72810226	73055206	6	3	3
chr7	73149974	79024668	2	1	1
chr7	79024832	79207975	1	1	0
chr7	79209746	80948337	2	1	1
chr7	80948492	80974448	1	1	0
chr8	45054	5139498	2	1	1
chr8	5139648	6136204	1	1	0
chr8	6136354	31474086	2	1	1
chr8	31474236	32011322	5	5	0
chr8	32011472	32129618	1	1	0
chr8	32129750	39464732	2	2	0
chr8	39465558	39732422	4	4	0
chr8	39732572	43524150	2	2	0
chr8	43525901	43784932	4	4	0
chr8	43785070	57327982	2	1	1
chr8	57328138	59268516	1	1	0
chr8	59272378	61735064	2	1	1
chr8	61761323	62093138	3	2	1
chr8	62125252	72179632	2	1	1
chr8	72181063	72272298	3	3	0
chr8	72272448	74293167	2	1	1
chr9	11980	621132	2	1	1
chr9	621282	682716	4	4	0
chr9	682835	725638	1	1	0
chr9	725796	825445	3	3	0
chr9	828484	882144	1	1	0
chr9	882838	5593528	2	1	1
chr9	5594142	8196946	1	1	0
chr9	8215938	8276634	4	3	1
chr9	8277412	8991416	1	1	0
chr9	8991566	10372339	3	2	1
chr9	10372962	10447118	1	1	0
chr9	10447268	12323903	3	2	1
chr9	12324596	15318724	2	1	1
chr9	15319932	16198715	5	3	2
chr9	16204666	16926944	1	1	0
chr9	17098374	18189442	2	2	0
chr9	18189874	18810048	3	2	1
chr9	18813804	18928011	5	5	0
chr9	18950005	19833721	3	2	1
chr9	19842777	19857816	0	0	0
chr9	19857972	19876846	1	1	0
chr9	19876996	19913157	0	0	0
chr9	19913315	21288250	1	1	0
chr9	21289252	21710636	2	2	0
chr9	21711254	24069513	1	1	0
chr9	24069698	24083544	2	2	0
chr9	24083996	31387112	1	1	0
chr9	31395178	31667498	2	2	0
chr9	31675034	41660622	1	1	0
chr9	41667047	41877097	2	2	0
chr9	41878070	58738538	1	1	0
chr9	58744855	58982140	3	3	0
chr9	59011403	61042436	1	1	0
chr10	16721	29588	1	1	0
chr10	29744	949002	2	1	1
chr10	967316	5975390	2	2	0
chr10	6071878	7511312	2	1	1
chr10	7511469	7660094	1	1	0
chr10	7664214	13686834	2	1	1
chr10	13686984	13747220	6	6	0
chr10	13747348	17029959	2	1	1
chr10	17030411	17240584	2	2	0
chr10	17240867	17291189	4	4	0
chr10	17291986	17395864	2	1	1
chr10	17456038	18154078	4	2	2
chr10	18154958	19232662	1	1	0
chr10	19292164	19910480	3	2	1
chr10	19910619	21366126	2	1	1
chr10	21366276	21455188	5	5	0
chr10	21458914	38471302	2	1	1
chr10	38471458	38527122	4	4	0
chr10	38528164	39987086	2	2	0
chr10	39987236	68916186	2	1	1
chr10	68917986	69285657	3	2	1
chr10	69285812	69327992	2	1	1
chr11	115708	1028462	2	1	1
chr11	1028722	1168914	3	3	0
chr11	1169371	10931388	2	1	1
chr11	10931538	11418441	3	2	1
chr11	11512994	18023423	2	1	1
chr11	18028258	18136010	2	2	0
chr11	18136160	24734428	1	1	0
chr11	24734578	25467038	2	2	0
chr11	25564166	31871293	1	1	0
chr11	32148299	40668670	2	2	0
chr11	40668800	41059474	1	1	0
chr11	41062294	41999158	0	0	0
chr11	41999313	47583146	1	1	0
chr11	47585294	49267378	2	2	0
chr11	49267528	50671163	1	1	0
chr11	50674980	50768904	2	2	0
chr11	50802876	51227766	1	1	0
chr11	51228349	51284948	3	3	0
chr11	51285112	69109460	1	1	0
chr11	69109597	69141234	2	2	0
chr11	69141380	74369728	1	1	0
chr12	97582	4303204	2	1	1
chr12	4306026	4402162	4	4	0
chr12	4404326	6090361	2	1	1
chr12	6091083	6214216	1	1	0
chr12	6214357	11047040	2	1	1
chr12	11047190	11174138	6	6	0
chr12	11176760	21026888	2	1	1
chr12	21047704	21156664	6	6	0
chr12	21156814	52613816	2	1	1
chr12	52614614	53783876	1	1	0
chr12	53786254	66632740	2	1	1
chr12	66720680	66722340	5	5	0
chr12	66722490	72175388	2	1	1
chr12	72175538	72489359	2	2	0
chr13	41196	10447920	2	1	1
chr13	10448898	10880332	3	3	0
chr13	10880490	12401950	1	1	0
chr13	12402104	16611802	2	1	1
chr13	16621500	16928394	4	4	0
chr13	16936820	23713820	2	2	0
chr13	23713970	35965894	2	1	1
chr13	35968912	36160939	1	1	0
chr13	36163416	37749108	2	1	1
chr13	37750864	37779964	4	4	0
chr13	37780310	63230496	2	1	1
chr14	31032	38522193	2	1	1
chr14	38522356	41577230	2	2	0
chr14	41640512	43914374	3	2	1
chr14	43914524	60964327	2	1	1
chr15	235990	1096496	2	1	1
chr15	1096630	1570650	1	1	0
chr15	1570800	2185278	3	2	1
chr15	2185436	2206252	7	7	0
chr15	2206968	2578256	2	1	1
chr15	2579350	2637360	4	4	0
chr15	2637514	2671194	1	1	0
chr15	2673025	3885808	2	1	1
chr15	3890988	4344596	1	1	0
chr15	4344760	4931668	2	1	1
chr15	4931818	5331930	2	2	0
chr15	5466689	5931004	3	2	1
chr15	5931463	6117052	1	1	0
chr15	6117211	7169140	2	1	1
chr15	7176540	7970629	3	2	1
chr15	7980649	8576442	2	1	1
chr15	8577253	8624590	1	1	0
chr15	8624924	12949334	2	1	1
chr15	12955219	13206408	5	5	0
chr15	13206558	13480648	2	1	1
chr15	13483606	13678790	3	2	1
chr15	13681054	18042065	2	1	1
chr15	18065854	18094332	1	1	0
chr15	18094488	40704364	2	1	1
chr15	40758884	40774724	6	6	0
chr15	40778218	41217672	2	2	0
chr15	41219364	42414583	3	2	1
chr15	42456850	50775994	2	1	1
chr15	50783323	51083573	1	1	0
chr15	51087084	64155068	2	1	1
chr15	64157267	64158922	1	1	0
chr16	87142	303806	1	1	0
chr16	315576	4295954	2	1	1
chr16	4313486	12189250	1	1	0
chr16	12189400	12316524	4	4	0
chr16	12350140	18201452	1	1	0
chr16	18201611	18263777	3	3	0
chr16	18264427	27672389	1	1	0
chr16	27673500	27840164	2	2	0
chr16	27840314	35745098	1	1	0
chr16	35746239	36061256	2	2	0
chr16	36061409	54293510	1	1	0
chr16	54293652	57071141	3	2	1
chr16	57137838	58306804	2	2	0
chr16	58332396	59533045	1	1	0
chr17	21072	69383	0	0	0
chr17	72064	478800	2	2	0
chr17	480258	1176582	2	1	1
chr17	1176732	1870150	1	1	0
chr17	1870300	1965857	4	2	2
chr17	1975558	13231894	2	1	1
chr17	13232044	13336448	4	4	0
chr17	13336598	15324662	2	1	1
chr17	15330754	15481978	4	2	2
chr17	15482130	36687006	2	1	1
chr17	36687140	36736054	3	3	0
chr17	36738839	52814842	2	1	1
chr17	52814992	52900758	5	5	0
chr17	52901130	59762725	2	1	1
chr17	59762878	60759663	1	1	0
chr17	60783146	62151015	2	1	1
chr17	62290488	62461800	3	3	0
chr17	62461950	64239642	1	1	0
chr18	15640	21396556	1	1	0
chr18	21398787	21474715	2	2	0
chr18	21479034	31706622	1	1	0
chr18	31706775	32547474	2	2	0
chr18	32547624	48181784	1	1	0
chr18	48189216	48465510	2	2	0
chr18	48468542	48488700	1	1	0
chr18	48489101	48962870	2	2	0
chr18	48964342	51413586	1	1	0
chr18	51423336	51455330	3	3	0
chr18	51455710	55814650	1	1	0
chr19	12695	8718857	1	1	0
chr19	8726653	8731220	3	3	0
chr19	8731370	15330396	1	1	0
chr19	15330546	15879161	2	2	0
chr19	15879320	33951660	1	1	0
chr19	33951810	34885116	2	2	0
chr19	34885266	41079712	1	1	0
chr19	41079874	42142696	2	2	0
chr19	42241844	42670788	4	4	0
chr19	42684662	43585498	2	2	0
chr19	43782238	44524667	5	5	0
chr19	44688342	49733554	2	2	0
chr19	49741186	53709379	2	1	1
chr19	53710016	53732236	1	1	0
chr20	25920	28358	1	1	0
chr20	28514	4609393	2	2	0
chr20	4612406	4621004	1	1	0
chr20	4621154	9296064	2	2	0
chr20	9296214	9345830	1	1	0
chr20	9345980	11058502	2	2	0
chr20	11058640	22099054	1	1	0
chr20	22099206	22427450	5	5	0
chr20	22455640	46446874	1	1	0
chr20	46446994	46543984	2	2	0
chr20	46544140	54413632	1	1	0
chr20	54414044	54545072	2	2	0
chr20	54545196	55196004	1	1	0
chr20	55196154	55199154	2	2	0
chr20	55199304	55486334	1	1	0
chr20	55486484	55517769	3	3	0
chr20	55517928	56209584	1	1	0
chr20	56209739	56336388	0	0	0
chr20	56336539	57637986	1	1	0
chr20	57638111	57640672	2	2	0
chr20	57649927	58081532	1	1	0
chr20	58081830	58095322	2	2	0
chr21	15722	4442854	2	2	0
chr21	4443004	7207286	1	1	0
chr21	7207584	7252650	2	2	0
chr21	7252800	18767376	1	1	0
chr21	18767508	20219550	2	2	0
chr21	20219700	22462546	1	1	0
chr21	22462696	22507813	0	0	0
chr21	22531650	47158951	1	1	0
chr21	47247669	50150265	2	1	1
chr21	50193783	50310658	5	5	0
chr21	50312384	50326616	1	1	0
chr21	50326766	50855309	2	2	0
chr21	50855462	50855618	1	1	0
chr22	75033	2513564	1	1	0
chr22	2514648	2518910	2	2	0
chr22	2526466	4595900	1	1	0
chr22	4600612	4618763	3	3	0
chr22	4621707	10168397	1	1	0
chr22	10211730	13899093	2	2	0
chr22	13957468	59324630	1	1	0
chr22	59325394	60106830	3	3	0
chr22	60110584	61378050	1	1	0
chr23	1992	1168506	2	2	0
chr23	1173368	14047380	2	1	1
chr23	14047514	15732662	3	3	0
chr23	15733608	17320606	2	1	1
chr23	17386149	17874066	1	1	0
chr23	18034608	19975979	3	2	1
chr23	19976138	20028642	1	1	0
chr23	20079868	35530154	2	1	1
chr23	35530568	36848250	3	2	1
chr23	36848400	48918112	2	1	1
chr23	48918270	48973962	5	5	0
chr23	48974090	52293696	2	1	1
chr24	71316	1013012	2	1	1
chr24	1207200	1749629	1	1	0
chr24	1751346	2320790	3	2	1
chr24	2320904	2710770	4	4	0
chr24	2738516	5528102	2	1	1
chr24	5529822	5627656	4	4	0
chr24	5634808	18944308	2	1	1
chr24	18956800	19053944	5	5	0
chr24	19055408	28015306	2	1	1
chr24	28015456	28965882	1	1	0
chr24	28966850	29601174	2	1	1
chr24	29601300	30000992	1	1	0
chr24	30002010	34876402	2	1	1
chr24	34876758	35234474	1	1	0
chr24	35234624	36611667	2	1	1
chr24	36613851	36720212	5	3	2
chr24	36720362	37734852	2	1	1
chr24	37752777	37847960	4	4	0
chr24	37856956	42541479	2	1	1
chr24	42542086	42603750	1	1	0
chr24	42603904	42774406	4	4	0
chr24	42774706	45076966	2	1	1
chr24	45077378	46200848	3	2	1
chr24	46208712	46525490	2	1	1
chr24	46525643	46634729	3	2	1
chr24	46636680	47161328	2	1	1
chr24	47161488	47267278	2	2	0
chr24	47268558	47274964	1	1	0
chr24	47275114	47421704	2	1	1
chr24	47422414	47426992	1	1	0
chr24	47427428	47483460	2	2	0
chr24	47484628	47519182	1	1	0
chr24	47528934	47672041	2	2	0
chr25	14815	26182906	2	1	1
chr25	26210608	26341326	4	4	0
chr25	26342568	29862664	2	1	1
chr25	29896378	29919660	1	1	0
chr25	29919810	38670194	2	1	1
chr25	38670346	38748585	4	4	0
chr25	38771254	44126329	2	1	1
chr25	44127222	44161418	5	5	0
chr25	44161850	45819664	2	1	1
chr25	45819982	49587806	2	2	0
chr25	49675384	50345522	3	3	0
chr25	50345674	51028555	2	2	0
chr25	51029538	51045398	1	1	0
chr25	51057482	51628494	2	2	0
chr25	51628619	51628619	1	1	0
chr26	14534	2946694	1	1	0
chr26	2992162	3805344	2	2	0
chr26	3805494	4840959	1	1	0
chr26	4853406	5383642	3	2	1
chr26	5393294	12332142	1	1	0
chr26	12332292	15556549	2	2	0
chr26	15565804	15747375	4	4	0
chr26	15747816	16451326	2	1	1
chr26	16451662	17597670	4	3	1
chr26	17604368	18040133	3	2	1
chr26	18041156	18118763	4	4	0
chr26	18121362	18532362	1	1	0
chr26	18532512	19139362	3	2	1
chr26	19139512	38707181	1	1	0
chr26	38710039	38756288	2	2	0
chr26	38757563	38963574	1	1	0
chr27	9008	1254666	1	1	0
chr27	1254808	1267578	3	3	0
chr27	1267728	2706470	1	1	0
chr27	2706620	2827188	2	2	0
chr27	2827340	45856726	1	1	0
chr28	67154	67332	1	1	0
chr28	68828	6646202	2	1	1
chr28	6686882	6724346	6	6	0
chr28	6741486	22336441	2	1	1
chr28	22367854	22641326	4	4	0
chr28	22641476	28846350	2	1	1
chr28	28849024	28955502	5	5	0
chr28	29017194	33858428	2	1	1
chr28	33858542	33962292	4	4	0
chr28	34005212	34294842	2	2	0
chr28	34294992	34850204	1	1	0
chr28	34851084	38709705	2	1	1
chr28	38709864	39724860	2	2	0
chr28	39725010	40122891	1	1	0
chr28	40130312	40329300	2	2	0
chr28	40334738	40451676	1	1	0
chr28	40463950	40570082	2	2	0
chr28	40570240	40582096	1	1	0
chr28	40582266	40942704	2	2	0
chr28	40943260	41181712	2	1	1
chr29	35082	22778936	2	1	1
chr29	22779088	22793691	5	5	0
chr29	22805052	38720154	2	1	1
chr29	38720316	38783975	6	6	0
chr29	38788122	40116538	2	1	1
chr29	40558726	40711038	3	3	0
chr29	40715722	41769016	2	1	1
chr29	41769172	41815122	1	1	0
chr30	41440	3152730	1	1	0
chr30	3152881	4135060	3	3	0
chr30	4182036	13622776	1	1	0
chr30	13657647	22106012	2	1	1
chr30	22106162	22106312	4	4	0
chr30	22106462	22446540	6	6	0
chr30	22455786	24068508	3	2	1
chr30	24068648	26566060	5	3	2
chr30	26566210	27920066	2	1	1
chr30	27922976	28452994	3	3	0
chr30	28453144	28708750	2	2	0
chr30	28710556	29586216	4	4	0
chr30	29605302	30166052	2	2	0
chr30	30166188	30755737	5	5	0
chr30	30758586	31357204	3	2	1
chr30	31359888	32147828	2	2	0
chr30	32147978	32688794	3	2	1
chr30	32690822	33205446	2	1	1
chr30	33205596	33894197	4	2	2
chr30	33896514	34380911	6	6	0
chr30	34381092	35901588	2	1	1
chr30	35902842	35927668	6	6	0
chr30	35955792	40211866	2	1	1
chr31	8024	14940068	2	1	1
chr31	14949886	16835922	1	1	0
chr31	16836954	21098078	2	2	0
chr31	21101102	33121106	2	1	1
chr31	33121220	33914746	3	2	1
chr31	33916358	37308391	2	1	1
chr31	37309588	37383478	4	2	2
chr31	37383629	37692827	1	1	0
chr31	37698754	38820676	2	1	1
chr31	38820837	38967238	1	1	0
chr31	38967385	39304000	3	2	1
chr31	39304634	39744639	2	1	1
chr31	39744944	39893402	3	2	1
chr31	39893560	39893560	1	1	0
chr32	67584	8224002	1	1	0
chr32	8224143	8257045	3	3	0
chr32	8259468	9884324	1	1	0
chr32	9993358	10125498	2	2	0
chr32	10156196	18144010	1	1	0
chr32	18332912	19799630	3	3	0
chr32	19897330	20420520	1	1	0
chr32	20430675	20535580	4	4	0
chr32	20565322	38723726	1	1	0
chr32	38724876	38724876	3	3	0
chr33	13756	1796750	2	1	1
chr33	1826490	4175674	1	1	0
chr33	4175824	11182658	2	1	1
chr33	11191100	11258951	4	4	0
chr33	11280190	18339961	2	1	1
chr33	18340630	19841337	3	2	1
chr33	19841489	20396310	2	2	0
chr33	20396460	22006550	4	4	0
chr33	22006716	29076258	2	1	1
chr33	29077294	29083532	4	4	0
chr33	29084635	29122992	4	2	2
chr33	29123146	30250746	2	1	1
chr33	30251994	30403534	3	2	1
chr33	30403687	30855614	2	1	1
chr33	30855764	31073968	5	5	0
chr33	31087415	31360258	2	1	1
chr34	111379	3714318	2	1	1
chr34	3720092	3802870	5	5	0
chr34	3803029	5237983	2	1	1
chr34	5238975	6140517	1	1	0
chr34	6140679	6589479	2	2	0
chr34	6589630	11630052	1	1	0
chr34	11630202	12065514	5	4	1
chr34	12065638	12398604	3	3	0
chr34	12398760	13107422	5	4	1
chr34	13114215	15216200	1	1	0
chr34	15225699	15842440	2	2	0
chr34	15845876	19103654	3	3	0
chr34	19103804	19497991	1	1	0
chr34	19554172	21142762	5	4	1
chr34	21142876	21766738	2	2	0
chr34	21766900	22067552	4	4	0
chr34	22184624	28395105	1	1	0
chr34	28397500	34894646	2	1	1
chr34	34894788	34928278	5	5	0
chr34	34928394	35173758	1	1	0
chr34	35174076	38750504	2	1	1
chr34	38863908	42103540	1	1	0
chr35	56528	2055314	1	1	0
chr35	2055464	2712236	2	2	0
chr35	2712923	2962762	0	0	0
chr35	2962912	13600988	1	1	0
chr35	13601109	13890970	2	2	0
chr35	13891120	15693746	1	1	0
chr35	15747758	16132275	2	2	0
chr35	16133134	24922158	1	1	0
chr35	24986170	25061895	2	1	1
chr35	25078866	26508683	1	1	0
chr36	311666	587680	1	1	0
chr36	616158	16501086	2	1	1
chr36	16501790	16550796	5	5	0
chr36	16550946	17582780	2	1	1
chr36	17583636	18184279	3	3	0
chr36	18185089	30691560	2	1	1
chr36	30720762	30808270	1	1	0
chr37	150244	10948188	1	1	0
chr37	10948338	11056823	2	2	0
chr37	11056983	12293369	1	1	0
chr37	12294472	12509078	2	2	0
chr37	12525954	15945224	1	1	0
chr37	15946058	16154900	3	3	0
chr37	16155055	17405360	1	1	0
chr37	17466712	17827859	2	2	0
chr37	17832916	17866774	4	4	0
chr37	17873724	19542947	1	1	0
chr37	19723448	21215916	3	3	0
chr37	21256314	22497685	1	1	0
chr37	22498776	26557530	2	2	0
chr37	26557662	27677623	3	3	0
chr37	27678092	30874747	2	1	1
chr37	30883984	30884852	3	3	0
chr38	43216	206930	3	3	0
chr38	207080	516370	5	5	0
chr38	518157	838772	3	2	1
chr38	935536	2624302	1	1	0
chr38	2663316	3187526	3	2	1
chr38	3192092	3932244	2	2	0
chr38	3997104	5832881	3	3	0
chr38	5835868	8441365	2	1	1
chr38	8492882	11009192	1	1	0
chr38	11011294	18536928	2	1	1
chr38	18565001	19574466	4	4	0
chr38	19579916	21080076	2	1	1
chr38	21080235	21107435	1	1	0
chr38	21113294	22467532	2	1	1
chr38	22467682	22760353	3	2	1
chr38	22760504	23723332	2	1	1
chr38	23725056	23871764	1	1	0
