chromosome	start	end	total_cn	major_cn	minor_cn
chr1	252179	926332	2	1	1
chr1	928622	1166281	4	2	2
chr1	1167088	12853872	2	1	1
chr1	12854022	13061829	1	1	0
chr1	13061986	17702376	2	1	1
chr1	17702610	20061276	1	1	0
chr1	20062150	25838586	2	1	1
chr1	25838858	26029326	1	1	0
chr1	26029479	44362065	2	1	1
chr1	44362744	44548022	1	1	0
chr1	44548172	48563926	2	1	1
chr1	48564072	48948534	4	4	0
chr1	48950407	55086666	2	1	1
chr1	55086831	55395375	1	1	0
chr1	55395532	59273110	2	1	1
chr1	59273262	59631694	0	0	0
chr1	59631818	64244940	3	2	1
chr1	64247104	64662040	1	1	0
chr1	64662190	66452524	2	1	1
chr1	66464733	70873714	3	2	1
chr1	70894427	71238294	2	2	0
chr1	71238544	75109185	3	2	1
chr1	75111201	75527956	2	2	0
chr1	75533288	96145558	3	2	1
chr1	96145723	96840442	1	1	0
chr1	96842191	100403572	2	1	1
chr1	100403722	100462738	1	1	0
chr1	100462888	100672951	2	1	1
chr1	100673102	100741948	1	1	0
chr1	100742098	103724276	2	1	1
chr1	103724426	103748338	0	0	0
chr1	103748498	104060956	3	3	0
chr1	104061106	104474666	1	1	0
chr1	104474816	104876249	3	2	1
chr1	104877868	104901602	6	6	0
chr1	104905149	114618867	2	1	1
chr1	114619876	115010927	3	2	1
chr1	115011078	116849112	2	1	1
chr1	116849279	116852468	0	0	0
chr1	116852620	121813729	2	1	1
chr1	121813908	121878562	1	1	0
chr1	121879550	122655430	2	2	0
chr1	122655590	122655590	1	1	0
chr2	22644	956634	1	1	0
chr2	956900	4301622	2	2	0
chr2	4302502	5900952	1	1	0
chr2	5908668	18151944	2	1	1
chr2	18152070	18214725	0	0	0
chr2	18225526	31213330	2	1	1
chr2	31214690	31658100	1	1	0
chr2	31658250	31952520	3	3	0
chr2	31952672	37204158	2	1	1
chr2	37204315	40578348	3	2	1
chr2	40581118	41509737	1	1	0
chr2	41559104	42687070	3	2	1
chr2	42688836	54865926	2	1	1
chr2	54866952	55183204	4	4	0
chr2	55234596	60976574	2	1	1
chr2	60976724	61557098	3	2	1
chr2	61557248	62382208	2	2	0
chr2	62386358	62387592	0	0	0
chr2	62388450	79544156	2	1	1
chr2	79544322	79637126	0	0	0
chr2	79637276	82385648	2	1	1
chr2	82391316	83414970	1	1	0
chr2	83415120	85417108	2	1	1
chr3	8314	45106	2	2	0
chr3	45256	3198560	3	3	0
chr3	3219784	3604954	2	2	0
chr3	3605104	4536377	3	3	0
chr3	4541988	7584606	2	2	0
chr3	7584756	11475924	3	3	0
chr3	11536620	12111340	1	1	0
chr3	12323769	15718109	3	3	0
chr3	15718362	16324957	5	5	0
chr3	16326376	25379382	3	3	0
chr3	25424420	25484718	1	1	0
chr3	25484839	44140234	3	2	1
chr3	44141954	45845639	5	5	0
chr3	45847950	60223518	3	2	1
chr3	60224534	60647054	2	2	0
chr3	60647204	60896886	3	3	0
chr3	60897058	60901192	0	0	0
chr3	60906918	66720658	3	2	1
chr3	66721001	68305616	2	2	0
chr3	68305766	90688736	3	2	1
chr3	90688886	91552006	2	1	1
chr3	91552156	91556630	1	1	0
chr3	91556884	91864755	3	2	1
chr3	91865090	91887855	1	1	0
chr4	16163	154578	1	1	0
chr4	154729	878672	2	1	1
chr4	997900	2002930	1	1	0
chr4	2012728	4149292	2	2	0
chr4	4149442	14859394	2	1	1
chr4	14859546	14989840	1	1	0
chr4	14989990	30516114	2	1	1
chr4	30516264	31522525	4	4	0
chr4	31528918	32743362	2	1	1
chr4	32744873	32922465	4	4	0
chr4	32922736	34662560	2	1	1
chr4	34662710	34664814	0	0	0
chr4	34688268	34784000	1	1	0
chr4	34784150	86789916	2	1	1
chr4	86791105	86942630	1	1	0
chr4	86942780	88272406	2	1	1
chr5	22388	4095724	2	1	1
chr5	4095874	4496866	1	1	0
chr5	4497016	33512191	2	1	1
chr5	33528290	33540751	1	1	0
chr5	33541130	50530342	2	1	1
chr5	50530718	51911920	1	1	0
chr5	51920270	56162888	2	1	1
chr5	56166204	60162814	2	2	0
chr5	60165124	66347450	2	1	1
chr5	66347600	66726870	1	1	0
chr5	66727020	73985372	2	2	0
chr5	73991796	74433412	1	1	0
chr5	74509982	81557724	2	2	0
chr5	81558792	82199375	2	1	1
chr5	82199598	82202945	1	1	0
chr5	82204275	83063912	3	3	0
chr5	83064062	84038379	4	4	0
chr5	84076814	88735270	2	1	1
chr6	311634	9689332	2	1	1
chr6	9722724	9869279	3	2	1
chr6	9908176	39852170	2	1	1
chr6	39852750	40010590	1	1	0
chr6	40010736	44397782	2	1	1
chr6	44397934	47609984	1	1	0
chr6	47610217	58014924	2	1	1
chr6	58015060	58598694	1	1	0
chr6	58603680	74741220	2	1	1
chr6	74741370	75307262	1	1	0
chr6	75310699	77395312	2	1	1
chr6	77395471	77539234	0	0	0
chr7	26328	1466355	2	2	0
chr7	1466626	1535758	1	1	0
chr7	1539076	7112444	2	1	1
chr7	7112594	7112594	1	1	0
chr7	7112744	8150711	0	0	0
chr7	8150866	14043744	2	2	0
chr7	14043908	14329814	1	1	0
chr7	14331133	60938486	2	1	1
chr7	60949160	62168215	4	4	0
chr7	62192320	67527440	2	2	0
chr7	67532866	67536220	4	4	0
chr7	67537260	74963936	2	1	1
chr7	74966747	75290700	1	1	0
chr7	75290852	80948182	2	1	1
chr7	80948337	80974448	0	0	0
chr8	45054	2586650	2	1	1
chr8	2601154	2615824	3	2	1
chr8	2615977	4605366	2	1	1
chr8	4611122	6135754	3	2	1
chr8	6135904	18716490	2	1	1
chr8	18716958	18904042	4	4	0
chr8	19100962	32011172	2	1	1
chr8	32011322	32173952	0	0	0
chr8	32219219	45946328	2	1	1
chr8	45950116	46030215	0	0	0
chr8	46030490	65551110	2	1	1
chr8	65809878	67557069	1	1	0
chr8	67622783	70766949	2	1	1
chr8	70767938	71689742	4	3	1
chr8	71692790	72794978	2	2	0
chr8	72795128	74293167	3	2	1
chr9	11980	35930	4	4	0
chr9	36080	3275402	2	1	1
chr9	3276852	3497249	1	1	0
chr9	3497400	4503366	2	1	1
chr9	4507186	4539982	1	1	0
chr9	4543041	8380652	2	1	1
chr9	8380802	8991266	1	1	0
chr9	8991416	10169710	2	1	1
chr9	10169861	10392196	1	1	0
chr9	10392346	16474746	2	1	1
chr9	16474896	17339879	1	1	0
chr9	17340110	17795053	0	0	0
chr9	17838158	18188967	1	1	0
chr9	18189324	19847174	2	1	1
chr9	19847332	19895884	1	1	0
chr9	19896736	23525344	2	1	1
chr9	23526636	23550372	0	0	0
chr9	23550522	24636810	2	1	1
chr9	24667114	24877111	1	1	0
chr9	24877268	27581274	2	1	1
chr9	27657752	29224570	3	3	0
chr9	29224724	30725009	2	1	1
chr9	30725164	31151121	4	2	2
chr9	31238112	43072508	2	1	1
chr9	43072658	43075208	0	0	0
chr9	43075358	48389095	2	1	1
chr9	48389364	48409242	1	1	0
chr9	48412584	54504732	2	1	1
chr9	54504886	54536254	0	0	0
chr9	54536404	58748964	2	1	1
chr9	58749117	59011403	3	3	0
chr9	59043438	61040908	2	1	1
chr9	61041060	61042436	1	1	0
chr10	16721	18431	0	0	0
chr10	29432	17627490	2	1	1
chr10	17627643	19197377	1	1	0
chr10	19232662	20208268	2	1	1
chr10	20208420	21114073	3	2	1
chr10	21118816	21366726	1	1	0
chr10	21366860	27386220	2	1	1
chr10	27386370	27388620	0	0	0
chr10	27388736	38438300	2	1	1
chr10	38438435	40348990	1	1	0
chr10	40355109	55258588	2	1	1
chr10	55270678	55462909	1	1	0
chr10	55463061	66638478	2	1	1
chr10	66638628	66773522	1	1	0
chr10	66773709	69327992	2	1	1
chr11	115708	3647632	2	2	0
chr11	3647771	4154825	0	0	0
chr11	4278457	6175434	2	2	0
chr11	6177748	10931688	0	0	0
chr11	10931838	11128324	1	1	0
chr11	11128476	11418441	4	4	0
chr11	11512994	11866341	1	1	0
chr11	11940304	12944022	2	2	0
chr11	12953160	12970419	0	0	0
chr11	13013810	40698045	2	2	0
chr11	40726642	42507323	0	0	0
chr11	42515032	49812661	2	2	0
chr11	49819363	49981406	1	1	0
chr11	50113149	52449964	2	2	0
chr11	52450124	52806394	3	3	0
chr11	52815586	52977308	0	0	0
chr11	52979978	70904796	2	2	0
chr11	70977782	73337181	1	1	0
chr11	73548066	74369728	2	2	0
chr12	97582	2101940	2	1	1
chr12	2102092	2538224	3	2	1
chr12	2539964	4081850	2	1	1
chr12	4082002	4458818	3	2	1
chr12	4458947	5681345	2	1	1
chr12	5683617	5794606	1	1	0
chr12	5794761	35576650	2	1	1
chr12	35576800	35579676	0	0	0
chr12	35580118	52531677	2	1	1
chr12	52613816	54179996	1	1	0
chr12	54180146	69768880	2	1	1
chr12	69769030	71800106	1	1	0
chr12	71801630	72489359	2	1	1
chr13	41196	2760222	2	1	1
chr13	2760374	2816916	1	1	0
chr13	2826464	4219658	2	1	1
chr13	4219946	4364220	0	0	0
chr13	4364370	36928708	2	1	1
chr13	36929224	36985288	0	0	0
chr13	36985734	37030492	3	3	0
chr13	37031030	37749108	2	2	0
chr13	37750864	37779202	4	4	0
chr13	37779528	38323614	2	1	1
chr13	38323776	38331838	4	4	0
chr13	38335892	39881898	2	2	0
chr13	39882030	40738408	1	1	0
chr13	40738561	41225038	2	2	0
chr13	41228492	42145706	4	4	0
chr13	42193434	45228446	2	2	0
chr13	45228614	45590828	1	1	0
chr13	45590984	58949318	2	1	1
chr13	58949468	59003482	4	4	0
chr13	59004482	63230496	2	1	1
chr14	31032	7777588	2	2	0
chr14	7777739	7784274	1	1	0
chr14	7785938	31945442	2	2	0
chr14	31958506	32177184	1	1	0
chr14	32177318	33289248	4	3	1
chr14	33304310	34790326	2	2	0
chr14	34840546	35368478	1	1	0
chr14	35369206	38654572	2	2	0
chr14	38654706	38896634	1	1	0
chr14	38908766	41484968	2	2	0
chr14	41485324	44711744	3	2	1
chr14	44711897	53181000	2	2	0
chr14	53181150	53305158	1	1	0
chr14	53308360	60964327	2	2	0
chr15	235990	236614	2	2	0
chr15	236771	12382720	2	1	1
chr15	12382870	12420260	4	4	0
chr15	12426918	13480648	2	1	1
chr15	13483606	13677174	3	2	1
chr15	13677724	18042065	2	1	1
chr15	18065854	18094488	0	0	0
chr15	18094954	24373813	2	1	1
chr15	24396969	29280364	2	2	0
chr15	29291530	29292763	0	0	0
chr15	29298186	46709506	2	1	1
chr15	46709656	47486186	1	1	0
chr15	47486344	58670527	2	1	1
chr15	58670688	59415706	0	0	0
chr15	59425212	59743192	1	1	0
chr15	59744452	63709076	2	1	1
chr15	63709199	64158922	1	1	0
chr16	87142	1367825	1	1	0
chr16	1368277	10347380	2	1	1
chr16	10347537	10750838	1	1	0
chr16	10764772	11918182	2	1	1
chr16	11918328	12533181	4	4	0
chr16	12534780	13156850	2	1	1
chr16	13157000	59533045	1	1	0
chr17	21072	74510	1	1	0
chr17	89852	1355038	2	2	0
chr17	1355188	1784612	1	1	0
chr17	1784770	7111660	2	2	0
chr17	7111817	7355260	1	1	0
chr17	7359012	15623647	2	1	1
chr17	15623800	15626252	0	0	0
chr17	15627122	21562424	2	1	1
chr17	21563967	21690340	1	1	0
chr17	21692992	23876816	2	1	1
chr17	23906080	23915936	1	1	0
chr17	23916096	27150582	3	2	1
chr17	27150732	28897294	4	4	0
chr17	28941362	29950566	2	2	0
chr17	29950716	30273308	1	1	0
chr17	30273468	32307621	2	1	1
chr17	32960198	34080208	3	2	1
chr17	34080365	56557408	2	1	1
chr17	56559916	56675516	1	1	0
chr17	56676550	57335798	2	1	1
chr17	57339214	57378744	1	1	0
chr17	57385130	58109922	2	1	1
chr17	58110072	58825104	1	1	0
chr17	58825258	60057448	3	2	1
chr17	60057604	60792906	6	4	2
chr17	60795856	63115190	3	2	1
chr17	63115531	63729626	1	1	0
chr17	63735238	64239642	2	2	0
chr18	15640	752226	2	1	1
chr18	754374	991906	0	0	0
chr18	992056	1946450	2	2	0
chr18	1946972	4842976	3	3	0
chr18	4843898	10136484	2	1	1
chr18	10136634	11350904	1	1	0
chr18	11351069	11425165	0	0	0
chr18	11446245	12630628	1	1	0
chr18	12630778	13098528	2	1	1
chr18	13098678	18047887	1	1	0
chr18	18087624	24612834	3	2	1
chr18	24612979	32547624	1	1	0
chr18	32547774	32631574	0	0	0
chr18	32631705	40755980	1	1	0
chr18	40756132	40992718	2	2	0
chr18	40992866	45486142	1	1	0
chr18	45486292	45518044	2	2	0
chr18	45518284	46424228	1	1	0
chr18	46428236	47636484	2	1	1
chr18	47636642	48022239	5	4	1
chr18	48022700	49083302	9	8	1
chr18	49085232	49216980	7	7	0
chr18	49217165	50761978	1	1	0
chr18	50782508	55614768	2	1	1
chr18	55636508	55740814	6	6	0
chr18	55740942	55814650	2	2	0
chr19	12695	5342688	2	1	1
chr19	5342838	6020976	1	1	0
chr19	6063474	9905372	3	3	0
chr19	9905522	11837620	1	1	0
chr19	11837774	19914032	2	1	1
chr19	19915524	20384301	1	1	0
chr19	20442844	20845036	2	1	1
chr19	20845186	21116784	0	0	0
chr19	21116937	32023892	2	1	1
chr19	32024042	32362126	1	1	0
chr19	32362276	44090597	2	1	1
chr19	44400389	45037660	0	0	0
chr19	45043648	46697719	2	2	0
chr19	46714724	48450898	3	3	0
chr19	48474433	53732236	2	1	1
chr20	25920	11368734	2	1	1
chr20	11368884	12113290	0	0	0
chr20	12452796	38220789	2	1	1
chr20	38221047	38766579	3	3	0
chr20	38789802	39128618	2	2	0
chr20	39128768	40604214	3	3	0
chr20	40616500	41114792	2	2	0
chr20	41116632	43541683	3	2	1
chr20	43541846	45237918	3	3	0
chr20	45238054	45514692	2	2	0
chr20	45515132	46728249	3	2	1
chr20	46728966	46966352	2	2	0
chr20	46966519	48475428	3	3	0
chr20	48475594	53230130	2	1	1
chr20	53230280	53261897	4	4	0
chr20	53265048	54428622	2	2	0
chr20	54428783	54641203	3	3	0
chr20	54642780	57781760	2	1	1
chr20	57782364	57800814	3	3	0
chr20	57800964	57897804	2	2	0
chr20	57897954	57921396	1	1	0
chr20	57923196	58014476	2	2	0
chr20	58015170	58095322	1	1	0
chr21	15722	15722	1	1	0
chr21	15872	6389696	2	1	1
chr21	6389846	6406592	0	0	0
chr21	6410846	13719755	2	1	1
chr21	13721442	42636004	1	1	0
chr21	42636156	42807616	2	2	0
chr21	42828770	50855618	1	1	0
chr22	75033	1426621	1	1	0
chr22	1492368	1850390	0	0	0
chr22	1865546	59313943	1	1	0
chr22	59324630	60118988	2	2	0
chr22	60133779	61370852	1	1	0
chr22	61378050	61378050	2	2	0
chr23	1992	4079702	2	1	1
chr23	4079854	5401478	1	1	0
chr23	5403222	14047230	2	1	1
chr23	14047380	15767007	4	4	0
chr23	15767160	28949912	2	1	1
chr23	29077616	29302654	5	5	0
chr23	29306635	50948972	2	1	1
chr23	50952956	52128505	3	2	1
chr23	52149250	52293696	1	1	0
chr24	71316	11475036	2	1	1
chr24	11475186	11655792	1	1	0
chr24	11655942	29534414	2	1	1
chr24	29535644	29665730	1	1	0
chr24	29665880	39875878	2	1	1
chr24	39877206	39910518	1	1	0
chr24	39911703	44869814	2	1	1
chr24	44869948	46062074	3	2	1
chr24	46062682	46901468	2	1	1
chr24	46907284	46930880	4	4	0
chr24	46931032	47282886	2	1	1
chr24	47283036	47404944	3	3	0
chr24	47405690	47416238	4	4	0
chr24	47416998	47595461	2	2	0
chr24	47603965	47672041	3	2	1
chr25	14815	3200964	2	1	1
chr25	3201782	3661010	1	1	0
chr25	3664292	26131588	2	1	1
chr25	26135496	27419586	1	1	0
chr25	27429544	31764709	2	1	1
chr25	31764886	31808519	0	0	0
chr25	31809831	37086958	2	1	1
chr25	37088502	37429832	3	3	0
chr25	37451528	47795858	2	1	1
chr25	47795973	47972116	1	1	0
chr25	47972911	49515757	2	1	1
chr25	49515918	50297447	4	2	2
chr25	50297609	50945098	2	1	1
chr25	50945250	50971360	0	0	0
chr25	50972527	51419119	2	1	1
chr25	51419998	51627744	1	1	0
chr25	51627894	51628619	2	2	0
chr26	14534	2794202	2	1	1
chr26	2794352	2803698	0	0	0
chr26	2803848	11464630	2	1	1
chr26	11474048	17909988	3	2	1
chr26	17910792	17913698	1	1	0
chr26	17913849	21782954	3	2	1
chr26	21783080	23421862	4	4	0
chr26	23422012	25654360	3	2	1
chr26	25662240	26883102	6	4	2
chr26	26883990	27309169	3	3	0
chr26	27330258	27547336	3	2	1
chr26	27547489	27584068	1	1	0
chr26	27584452	28932787	4	3	1
chr26	28932938	29191230	2	2	0
chr26	29191433	29347425	3	3	0
chr26	29347598	29349546	1	1	0
chr26	29350324	31213770	4	3	1
chr26	31215042	31626646	2	2	0
chr26	31626808	34583835	4	3	1
chr26	34584898	35236086	2	2	0
chr26	35236204	37249028	4	3	1
chr26	37262652	37878293	2	2	0
chr26	37884074	38515732	0	0	0
chr26	38515852	38961706	5	4	1
chr26	38963178	38963574	2	2	0
chr27	9008	1277088	1	1	0
chr27	1277238	1392612	0	0	0
chr27	1392762	17594155	1	1	0
chr27	17594306	17596768	3	2	1
chr27	17600387	21365846	1	1	0
chr27	21392226	21855772	0	0	0
chr27	21855928	37697574	1	1	0
chr27	37715346	37752868	0	0	0
chr27	37753024	40590930	1	1	0
chr27	40592920	41004418	2	2	0
chr27	41005374	45855684	1	1	0
chr27	45855834	45856726	2	2	0
chr28	67154	7431478	2	1	1
chr28	7431910	7510674	1	1	0
chr28	7510824	13052676	2	1	1
chr28	13052954	14972590	2	2	0
chr28	14972740	40752040	2	1	1
chr28	40752190	40857966	1	1	0
chr28	40858476	41178362	2	1	1
chr28	41178514	41181712	1	1	0
chr29	35082	9589892	1	1	0
chr29	9673048	10711634	2	2	0
chr29	10714111	15813430	1	1	0
chr29	15830098	16017206	0	0	0
chr29	16019275	18802912	1	1	0
chr29	18803028	21141371	0	0	0
chr29	21141534	36333268	1	1	0
chr29	36348626	37278460	2	2	0
chr29	37289370	37922170	0	0	0
chr29	37927532	41769329	1	1	0
chr29	41794026	41815122	0	0	0
chr30	41440	3113298	1	1	0
chr30	3131818	4423836	2	2	0
chr30	4426184	22712886	1	1	0
chr30	22713037	22720846	0	0	0
chr30	22760890	30952506	1	1	0
chr30	31013306	31246464	0	0	0
chr30	31338750	33335695	1	1	0
chr30	33336391	34380911	2	2	0
chr30	34381092	40211866	1	1	0
chr31	8024	3945308	2	1	1
chr31	3945420	8508115	4	2	2
chr31	8512246	11617444	1	1	0
chr31	11662474	12101742	2	2	0
chr31	12101892	14141594	1	1	0
chr31	14141744	17121482	2	1	1
chr31	17213669	22935548	1	1	0
chr31	22936152	23808052	3	3	0
chr31	23810428	28134914	1	1	0
chr31	28136216	28634692	2	2	0
chr31	28634842	29546841	1	1	0
chr31	29546992	32080304	3	2	1
chr31	32110851	33571983	5	4	1
chr31	33632218	37382874	4	3	1
chr31	37383025	37402122	3	3	0
chr31	37402272	38098352	4	4	0
chr31	38098502	38099523	1	1	0
chr31	38101768	38297938	5	5	0
chr31	38298089	38387398	2	2	0
chr31	38387548	39440689	5	4	1
chr31	39440840	39460788	2	2	0
chr31	39461646	39883810	4	3	1
chr31	39890626	39893560	1	1	0
chr32	67584	18144010	1	1	0
chr32	18332912	19907460	0	0	0
chr32	19937906	22133218	1	1	0
chr32	22133368	22848499	2	2	0
chr32	22975212	38386800	1	1	0
chr32	38386950	38605216	0	0	0
chr32	38605364	38724876	3	3	0
chr33	13756	281714	1	1	0
chr33	281864	1115939	3	3	0
chr33	1127046	5185413	2	2	0
chr33	5202783	20396160	2	1	1
chr33	20396310	22566116	1	1	0
chr33	22566236	24930861	2	2	0
chr33	24931474	25047509	1	1	0
chr33	25048482	29083532	2	1	1
chr33	29084635	29126480	4	2	2
chr33	29126630	29155414	0	0	0
chr33	29156247	31360258	2	1	1
chr34	111379	1038198	2	2	0
chr34	1268934	2619502	1	1	0
chr34	2619652	7277811	2	1	1
chr34	7328688	8207782	1	1	0
chr34	8242698	11685735	2	1	1
chr34	11702918	11748874	0	0	0
chr34	11773490	22066322	2	1	1
chr34	22067552	22305688	5	5	0
chr34	22307438	42103540	2	1	1
chr35	56528	1025201	2	1	1
chr35	1030623	2519479	4	2	2
chr35	2669538	2999604	1	1	0
chr35	2999755	15475916	2	1	1
chr35	15476066	16133608	4	4	0
chr35	16133766	24381980	2	1	1
chr35	24382138	24443434	1	1	0
chr35	24443562	26508683	2	1	1
chr36	311666	16499524	1	1	0
chr36	16499674	16551061	3	3	0
chr36	16553824	30808270	1	1	0
chr37	150244	150394	1	1	0
chr37	150544	10572493	2	1	1
chr37	10575566	10578416	1	1	0
chr37	10578566	23332167	2	1	1
chr37	23332922	23368048	1	1	0
chr37	23368198	25248250	2	2	0
chr37	25248400	26146811	2	1	1
chr37	26147426	26312556	1	1	0
chr37	26312694	28440733	3	3	0
chr37	28441952	30835882	2	1	1
chr37	30867509	30884852	1	1	0
chr38	43216	16321210	1	1	0
chr38	16321363	16791774	0	0	0
chr38	16791934	22397798	1	1	0
chr38	22397948	22769804	2	2	0
chr38	22770842	23871764	1	1	0
