chromosome	start	end	major_cn	minor_cn	total_cn
chr1	252179	924740	5	5	0
chr1	924890	14875488	4	2	2
chr1	14875640	15184324	8	8	0
chr1	15184474	19203738	4	2	2
chr1	19203856	19874191	3	3	0
chr1	19874352	21283280	4	2	2
chr1	21295512	21794180	2	2	0
chr1	21794338	24776881	4	2	2
chr1	24777036	25018716	2	2	0
chr1	25037060	25695157	5	3	2
chr1	25695474	26508090	3	3	0
chr1	26511788	26553502	8	8	0
chr1	26856662	28198086	4	2	2
chr1	28198314	28229768	1	1	0
chr1	28229918	31524922	4	2	2
chr1	31567812	31988802	8	8	0
chr1	31988952	39476560	4	2	2
chr1	39476710	40259726	3	2	1
chr1	40260078	40670840	5	3	2
chr1	40681015	40753249	11	11	0
chr1	40767348	42084602	4	4	0
chr1	42107388	42368483	8	8	0
chr1	42384122	50767294	4	4	0
chr1	50856700	50868940	9	9	0
chr1	50936766	54817927	4	2	2
chr1	54820296	54852429	2	2	0
chr1	54853189	55183769	4	2	2
chr1	55183924	55395689	2	1	1
chr1	55395846	55599190	4	2	2
chr1	55599987	56889022	5	3	2
chr1	56894706	58968824	4	2	2
chr1	59011826	59073634	2	2	0
chr1	59073786	61845243	3	2	1
chr1	61967178	62048762	8	4	4
chr1	62084548	64622050	4	2	2
chr1	64622200	64665420	2	2	0
chr1	64689588	68695737	4	4	0
chr1	68751074	68756050	8	8	0
chr1	68766484	73197562	4	4	0
chr1	73197712	80469299	4	2	2
chr1	80715369	80732786	11	11	0
chr1	80733522	81899714	4	2	2
chr1	81912091	82062686	2	2	0
chr1	82063924	87640548	4	2	2
chr1	87660734	88625270	5	3	2
chr1	88664784	88665948	2	2	0
chr1	88666379	94828974	4	2	2
chr1	94829096	95702700	5	3	2
chr1	95707120	95770302	3	3	0
chr1	95770452	97904350	5	3	2
chr1	97917910	97931966	2	2	0
chr1	97944400	100643756	4	2	2
chr1	100643906	100742098	3	3	0
chr1	100742248	102101334	4	2	2
chr1	102101484	102188280	6	3	3
chr1	102188430	102801509	4	2	2
chr1	102815900	102839174	2	2	0
chr1	102839329	103188034	4	2	2
chr1	103188192	103602431	6	3	3
chr1	103603524	103714674	4	2	2
chr1	103715968	103746318	1	1	0
chr1	103746468	105567816	5	3	2
chr1	105567966	106028972	4	4	0
chr1	106029125	106041762	8	8	0
chr1	106044178	110817006	5	3	2
chr1	110819375	111443472	4	4	0
chr1	111443622	111471530	8	8	0
chr1	111476930	112198728	4	2	2
chr1	112200925	112231882	3	3	0
chr1	112232024	114944192	5	3	2
chr1	115007208	117797682	4	2	2
chr1	117798147	119376272	5	3	2
chr1	119376422	120093124	3	2	1
chr1	120093278	120454572	5	3	2
chr1	120454724	120964880	3	3	0
chr1	120965034	121381283	5	3	2
chr1	121381434	122655590	3	2	1
chr2	22644	1121855	4	4	0
chr2	1122552	1320412	8	8	0
chr2	1320567	10790118	3	2	1
chr2	10803774	10819828	8	8	0
chr2	10819980	15881956	3	2	1
chr2	15882112	15905067	7	7	0
chr2	15919515	16174167	4	4	0
chr2	16231900	16234518	1	1	0
chr2	16234661	16666825	4	4	0
chr2	16666978	19383002	3	2	1
chr2	19392769	19613962	2	2	0
chr2	19615566	23957340	3	2	1
chr2	24035002	24115072	1	1	0
chr2	24126394	24512606	3	2	1
chr2	24512756	24601208	5	5	0
chr2	24607639	25003576	3	2	1
chr2	25003726	28069734	4	4	0
chr2	28069886	30714294	3	2	1
chr2	30805398	31612696	6	6	0
chr2	31654256	31766170	2	2	0
chr2	31766325	31995653	3	3	0
chr2	31995812	32188600	5	5	0
chr2	32189252	35079894	3	2	1
chr2	35080396	35086214	6	6	0
chr2	35088686	38123564	3	2	1
chr2	38123714	40381705	2	2	0
chr2	40381866	44896855	3	2	1
chr2	44897006	45398291	2	1	1
chr2	45440555	48176672	3	3	0
chr2	48176826	48189777	1	1	0
chr2	48196337	53715804	3	2	1
chr2	53715936	54205704	1	1	0
chr2	54215523	55471896	3	2	1
chr2	55475104	55533922	4	4	0
chr2	55552200	55860244	3	2	1
chr2	55863180	55869906	1	1	0
chr2	55870060	57002126	3	2	1
chr2	57002288	57182554	4	4	0
chr2	57182704	57763752	3	2	1
chr2	57763906	58101011	5	3	2
chr2	58101452	59705338	4	2	2
chr2	59705494	60980470	3	2	1
chr2	60987010	61504022	5	5	0
chr2	61555567	62486074	3	3	0
chr2	62510106	63212512	2	1	1
chr2	63212662	64239272	5	3	2
chr2	64239422	64647784	3	2	1
chr2	64650160	65868900	4	2	2
chr2	65876949	67832372	3	2	1
chr2	67832522	67902772	7	7	0
chr2	67902929	70212706	3	2	1
chr2	70214096	71118402	1	1	0
chr2	71160232	75324488	2	2	0
chr2	75437692	75788252	3	2	1
chr2	75789878	79526591	5	3	2
chr2	79529550	79544654	2	2	0
chr2	79610440	84727086	5	3	2
chr2	84727254	84805910	3	3	0
chr2	84806060	85417108	5	3	2
chr3	8314	239726	5	5	0
chr3	239876	2005754	3	3	0
chr3	2077608	2279355	2	2	0
chr3	2331042	3249798	4	4	0
chr3	3249932	3321446	2	2	0
chr3	3337230	4116500	5	5	0
chr3	4116650	5239442	7	7	0
chr3	5333540	20794888	4	2	2
chr3	20795038	21705278	5	3	2
chr3	21719372	22205394	8	8	0
chr3	22205544	24890904	4	2	2
chr3	24891932	25210120	5	5	0
chr3	25210270	25475494	4	4	0
chr3	25484718	25692844	6	6	0
chr3	25704922	27033698	4	2	2
chr3	27068359	27235390	3	2	1
chr3	27235536	28751172	5	3	2
chr3	28770090	29005148	2	2	0
chr3	29022763	32572708	5	3	2
chr3	32581676	33746552	3	3	0
chr3	33746708	34921510	6	3	3
chr3	34971072	36417948	4	2	2
chr3	36461901	36811663	12	12	0
chr3	36852629	38693177	4	2	2
chr3	38749660	38752479	10	10	0
chr3	38768096	39076844	4	4	0
chr3	39102625	39347002	2	2	0
chr3	39348008	40474072	4	2	2
chr3	40477699	41623397	7	4	3
chr3	41623550	41734449	20	20	0
chr3	41794698	42410960	10	10	0
chr3	42412356	42658777	5	5	0
chr3	42663298	42947224	1	1	0
chr3	42947374	44005803	6	6	0
chr3	44005974	44297124	3	3	0
chr3	44307250	44921959	4	4	0
chr3	44943182	46144836	8	5	3
chr3	46144986	47005632	12	12	0
chr3	47061967	47412474	7	7	0
chr3	47438901	48005227	8	5	3
chr3	48169263	48519546	13	13	0
chr3	48526218	51478014	5	3	2
chr3	51491050	52034380	4	2	2
chr3	52034536	52449778	6	3	3
chr3	52503250	53077536	5	3	2
chr3	53077976	53121850	9	9	0
chr3	53141752	55106098	5	3	2
chr3	55106248	55358580	3	3	0
chr3	55358734	55914068	4	2	2
chr3	56043739	56202562	9	9	0
chr3	56224734	62455190	4	2	2
chr3	62455342	63508472	6	3	3
chr3	63508622	66976939	5	3	2
chr3	66977096	68714022	8	8	0
chr3	68719432	69867180	4	4	0
chr3	69878434	70075446	2	2	0
chr3	70076030	71177981	4	2	2
chr3	71178134	71207420	2	1	1
chr3	71216284	80388606	4	2	2
chr3	80388756	84319916	3	2	1
chr3	84379614	84469003	2	2	0
chr3	84481984	85362188	3	2	1
chr3	85373354	85550076	7	7	0
chr3	85557750	87361428	3	2	1
chr3	87367628	87763068	5	5	0
chr3	87763219	89636534	3	2	1
chr3	89636684	90688886	6	3	3
chr3	90689036	91282245	3	3	0
chr3	91283821	91887855	4	2	2
chr4	16163	878672	4	4	0
chr4	997900	999518	1	1	0
chr4	1056366	5126004	4	4	0
chr4	5126157	5241978	6	6	0
chr4	5242128	5447512	3	2	1
chr4	5453896	6164030	6	6	0
chr4	6270057	7237017	3	3	0
chr4	7362867	7938944	5	5	0
chr4	7939094	9936958	4	4	0
chr4	9937631	10547226	3	3	0
chr4	10550150	11867655	4	4	0
chr4	11868214	13035433	3	2	1
chr4	13216620	13492029	6	6	0
chr4	13508377	13687852	1	1	0
chr4	13699338	14781670	3	2	1
chr4	14782248	14955795	8	8	0
chr4	14958299	28095109	4	2	2
chr4	28095262	28182146	2	1	1
chr4	28182299	30516685	3	3	0
chr4	30679500	30683214	7	7	0
chr4	30970768	32730494	4	2	2
chr4	32738027	32747145	1	1	0
chr4	32766466	33517136	3	2	1
chr4	33517286	40197560	4	2	2
chr4	40197710	43555265	3	3	0
chr4	43576354	43580068	7	7	0
chr4	43592352	59845808	4	2	2
chr4	59849054	62455620	3	2	1
chr4	62478961	62895617	7	7	0
chr4	63044358	63647106	3	3	0
chr4	63648170	64092458	6	6	0
chr4	64092593	64831034	3	3	0
chr4	64994626	66869718	4	4	0
chr4	66869845	66967474	6	6	0
chr4	66969844	70575148	4	4	0
chr4	70751866	70754262	12	12	0
chr4	70968514	71944410	4	4	0
chr4	71946960	74238922	3	3	0
chr4	74276892	74517078	7	7	0
chr4	74517228	74982842	3	3	0
chr4	74982992	75343802	5	5	0
chr4	75344592	86210920	4	2	2
chr4	86219656	86792178	5	3	2
chr4	86794572	87266194	3	2	1
chr4	87274272	87759984	5	5	0
chr4	87848360	88202413	9	9	0
chr4	88219553	88272406	4	2	2
chr5	22388	277657	4	2	2
chr5	288142	745838	1	1	0
chr5	746023	1360894	4	4	0
chr5	1361256	1879596	9	9	0
chr5	1879746	4100444	4	4	0
chr5	4170007	4458334	9	9	0
chr5	4458484	5686147	4	4	0
chr5	5686298	5709316	12	12	0
chr5	5740256	6185818	4	4	0
chr5	6185983	8000486	6	6	0
chr5	8031442	9672886	4	2	2
chr5	9673892	9679720	1	1	0
chr5	9719320	13783105	4	2	2
chr5	13800322	13864864	7	7	0
chr5	13866130	13977046	3	2	1
chr5	13977198	17040074	4	2	2
chr5	17040229	18703190	3	2	1
chr5	18708474	22642574	4	2	2
chr5	22642732	22671522	9	9	0
chr5	22671672	27426302	4	2	2
chr5	27444311	27966460	6	6	0
chr5	27966614	29337020	4	2	2
chr5	29337168	30833718	5	3	2
chr5	30834046	30959526	8	8	0
chr5	30959948	31014224	4	4	0
chr5	31014374	31206450	8	8	0
chr5	31266702	32111998	5	3	2
chr5	32112716	32606921	2	1	1
chr5	32614716	34185818	5	3	2
chr5	34185968	34205544	9	9	0
chr5	34224774	36241067	4	2	2
chr5	36241220	36324591	1	1	0
chr5	36324744	36978565	4	2	2
chr5	37003248	37400356	11	11	0
chr5	37400511	38063133	4	2	2
chr5	38063284	38696364	7	7	0
chr5	38697447	40611930	4	2	2
chr5	40613348	40828620	6	6	0
chr5	40829000	42142562	4	2	2
chr5	42143521	42146490	14	14	0
chr5	42146602	47274376	4	2	2
chr5	47274526	47435070	2	2	0
chr5	47435220	48346838	4	2	2
chr5	48346975	48386012	1	1	0
chr5	48386162	48858666	4	4	0
chr5	48862766	49554186	8	8	0
chr5	49554330	54237022	4	2	2
chr5	54241980	54640248	5	3	2
chr5	54640398	54864472	3	3	0
chr5	54864624	57480634	4	2	2
chr5	57482024	58017818	3	2	1
chr5	58017935	61636078	4	2	2
chr5	61657680	61847458	7	7	0
chr5	61848060	64350342	4	2	2
chr5	64386248	64389962	11	11	0
chr5	64414580	65497790	4	2	2
chr5	65497945	65634328	6	3	3
chr5	65644374	66373434	4	2	2
chr5	66373589	67578510	5	3	2
chr5	67591239	67645554	2	2	0
chr5	67645682	71937650	4	2	2
chr5	71960888	73292646	6	6	0
chr5	73292769	75223282	4	2	2
chr5	75227393	76624937	5	3	2
chr5	76625636	78609953	4	2	2
chr5	78814566	79739357	9	9	0
chr5	79785720	84121452	5	3	2
chr5	84121602	86690214	3	2	1
chr5	86740930	88506208	6	6	0
chr5	88506359	88735270	3	3	0
chr6	311634	2563642	4	2	2
chr6	2563795	2749286	6	3	3
chr6	2749439	4704080	4	4	0
chr6	4704626	5548768	6	6	0
chr6	5583550	12126964	4	2	2
chr6	12127134	12474976	5	5	0
chr6	12475126	12886488	4	2	2
chr6	12930720	13134892	8	8	0
chr6	13135042	15512960	4	2	2
chr6	15513116	15635118	2	2	0
chr6	15635236	15657854	5	5	0
chr6	15668354	15673785	13	13	0
chr6	15726120	20617401	4	2	2
chr6	20643233	20952726	9	9	0
chr6	20958470	27989304	4	2	2
chr6	28012440	28015298	8	8	0
chr6	28015448	31137588	4	2	2
chr6	31137740	31257281	6	6	0
chr6	31257452	40248130	4	2	2
chr6	40250548	40435276	5	3	2
chr6	40447122	40505998	9	9	0
chr6	40506148	42046798	4	2	2
chr6	42046956	42164978	2	2	0
chr6	42167091	47033646	4	2	2
chr6	47034816	47137710	7	7	0
chr6	47137860	57976534	4	2	2
chr6	57976684	58487064	9	9	0
chr6	58598508	59686502	4	2	2
chr6	59709862	61062406	6	6	0
chr6	61062556	64649366	4	2	2
chr6	64695994	65597976	7	7	0
chr6	65598131	66212224	3	3	0
chr6	66242509	67969020	6	6	0
chr6	68078332	68879942	3	3	0
chr6	68881686	68990717	4	4	0
chr6	69012590	69017062	1	1	0
chr6	69022362	69723876	4	4	0
chr6	69866852	69970520	8	8	0
chr6	69970786	72581972	4	2	2
chr6	72585095	74153349	7	7	0
chr6	74164232	75126847	3	3	0
chr6	75128348	75317057	2	2	0
chr6	75324846	75964108	4	4	0
chr6	76068490	76070117	1	1	0
chr6	76080347	77470674	4	4	0
chr6	77471129	77539234	9	9	0
chr7	26328	2303141	5	3	2
chr7	2304989	4368492	3	2	1
chr7	4368617	6697562	6	4	2
chr7	6697712	8051647	7	5	2
chr7	8071836	8090310	3	3	0
chr7	8090460	9631056	6	4	2
chr7	9687294	9719420	16	16	0
chr7	9720470	10969547	5	3	2
chr7	10969704	11001668	9	9	0
chr7	11001831	11852782	6	4	2
chr7	11991258	12302567	3	3	0
chr7	12302723	14080595	5	3	2
chr7	14081005	14165661	12	12	0
chr7	14193802	18324494	6	4	2
chr7	18329564	18330283	2	2	0
chr7	18333752	22917718	6	4	2
chr7	22933351	22982933	13	13	0
chr7	23002608	27174844	6	4	2
chr7	27189704	27198128	14	14	0
chr7	27242957	29042805	6	4	2
chr7	29044132	29487932	4	3	1
chr7	29514700	29790994	10	10	0
chr7	29830502	33328202	6	4	2
chr7	33328352	34001675	9	9	0
chr7	34098406	35842518	5	3	2
chr7	35842676	40541690	6	4	2
chr7	40541824	40954728	4	3	1
chr7	40956053	45499690	6	4	2
chr7	45508686	45929266	10	10	0
chr7	46020964	48796155	6	4	2
chr7	48799879	52346456	4	4	0
chr7	52346606	52786994	10	10	0
chr7	52787144	55420206	6	4	2
chr7	55471426	55506971	10	10	0
chr7	55618198	60949314	5	3	2
chr7	60949468	61804636	3	3	0
chr7	61855760	63421710	6	4	2
chr7	63422350	63918456	3	3	0
chr7	63918606	65723543	6	4	2
chr7	65728366	66064376	4	4	0
chr7	66178668	66505544	7	5	2
chr7	66508116	67513504	5	5	0
chr7	67515433	69211954	8	8	0
chr7	69212215	73254090	6	4	2
chr7	73256358	73276898	3	2	1
chr7	73309472	74966906	6	4	2
chr7	74967065	75167270	12	12	0
chr7	75168816	78997112	6	4	2
chr7	78998099	79273650	5	5	0
chr7	79280022	79286723	2	2	0
chr7	79312622	80953236	6	4	2
chr7	80953386	80974158	2	2	0
chr7	80974308	80974448	4	4	0
chr8	45054	4368784	5	3	2
chr8	4368920	4374058	17	17	0
chr8	4378212	10719834	5	3	2
chr8	10719970	10752122	11	11	0
chr8	10796533	12878791	4	2	2
chr8	12880508	13580998	7	7	0
chr8	13581152	15090108	5	3	2
chr8	15116462	15149382	14	14	0
chr8	15149532	16612650	5	3	2
chr8	16614432	16788017	13	13	0
chr8	16839150	17322152	6	6	0
chr8	17326026	22349581	5	3	2
chr8	22366678	22367411	1	1	0
chr8	22369864	27784376	5	3	2
chr8	27914730	27916230	2	2	0
chr8	27916380	29341692	5	3	2
chr8	29372411	29972151	11	11	0
chr8	29994838	31474354	5	3	2
chr8	31512838	32011322	11	11	0
chr8	32011472	32868734	3	2	1
chr8	32868884	35679480	5	3	2
chr8	35737132	35739232	11	11	0
chr8	35739382	41615444	5	3	2
chr8	41616572	43461648	6	4	2
chr8	43461798	43515052	2	2	0
chr8	43515200	47660104	6	4	2
chr8	47661218	48333406	5	3	2
chr8	48356533	48588538	9	9	0
chr8	48588688	59658408	5	3	2
chr8	59665539	60061788	6	4	2
chr8	60071574	60803801	4	4	0
chr8	60803954	60982932	2	2	0
chr8	60983058	64293840	5	3	2
chr8	64295364	64533978	7	7	0
chr8	64722085	64855270	3	3	0
chr8	64886191	65281150	6	6	0
chr8	65281280	65411628	2	2	0
chr8	65428959	66820864	4	4	0
chr8	66820979	67878530	7	4	3
chr8	67878659	67930097	4	4	0
chr8	67930252	68041382	8	5	3
chr8	68044778	69226878	6	4	2
chr8	69227884	69653658	3	2	1
chr8	69653790	69846457	2	2	0
chr8	69846914	71822862	6	4	2
chr8	71823012	72269974	8	8	0
chr8	72271998	73093750	6	4	2
chr8	73093904	74293167	5	3	2
chr9	11980	3099091	5	3	2
chr9	3099254	3496259	6	6	0
chr9	3496947	4069274	4	2	2
chr9	4069424	4072306	1	1	0
chr9	4072456	4511574	4	2	2
chr9	4511722	4537408	6	6	0
chr9	4538018	7483044	4	2	2
chr9	7498333	7739036	2	1	1
chr9	7739195	8966262	4	2	2
chr9	8968760	10864570	5	3	2
chr9	10867848	15767912	4	2	2
chr9	15781018	15840784	2	2	0
chr9	15840929	17995470	4	2	2
chr9	17995622	17998056	2	2	0
chr9	18001448	18014804	5	5	0
chr9	18015484	18028172	2	2	0
chr9	18028532	18810048	5	3	2
chr9	18813804	19034408	7	7	0
chr9	19035651	20100964	5	3	2
chr9	20101092	20134298	12	12	0
chr9	20134448	21455230	4	2	2
chr9	21482802	21633064	3	3	0
chr9	21633180	23659944	4	2	2
chr9	23660094	23667622	2	2	0
chr9	23667774	24875424	4	2	2
chr9	24875574	24906138	3	3	0
chr9	24908044	25618922	5	3	2
chr9	25619072	25623236	8	8	0
chr9	25665046	27861530	4	2	2
chr9	27861689	27863612	1	1	0
chr9	28188114	31386668	4	2	2
chr9	31386818	31633662	10	10	0
chr9	31635606	38466242	4	2	2
chr9	38517848	38672541	2	2	0
chr9	38672692	41820123	4	2	2
chr9	41820278	41870410	10	10	0
chr9	41877097	46784475	4	2	2
chr9	46791090	46792068	15	15	0
chr9	46810519	48809658	4	2	2
chr9	48809810	48831904	2	2	0
chr9	48832452	51620714	4	2	2
chr9	51620866	51901166	3	2	1
chr9	51901294	56442478	5	3	2
chr9	56442632	56545300	2	2	0
chr9	56545450	61042436	4	2	2
chr10	16721	1243120	5	3	2
chr10	1243285	1260752	2	2	0
chr10	1269429	8082514	4	2	2
chr10	8082664	8563138	2	2	0
chr10	8563288	9471282	3	3	0
chr10	9471422	9642069	2	2	0
chr10	9650645	13131248	4	2	2
chr10	13133142	13136956	2	2	0
chr10	13160066	13705160	5	3	2
chr10	13744627	15901757	3	2	1
chr10	15904488	20046352	4	2	2
chr10	20046488	20074394	2	2	0
chr10	20106672	21772414	4	2	2
chr10	21772564	21998561	3	2	1
chr10	22007863	31803785	4	2	2
chr10	31812400	31876098	2	2	0
chr10	31876248	32133066	4	2	2
chr10	32139508	32141514	11	11	0
chr10	32152504	32697148	4	2	2
chr10	32932326	33192397	2	2	0
chr10	33195092	38516344	4	2	2
chr10	38516642	38700894	3	2	1
chr10	38702132	39986336	8	8	0
chr10	39986486	44972533	4	2	2
chr10	44979753	45550800	5	3	2
chr10	45551386	45581640	2	2	0
chr10	45581798	45815585	6	3	3
chr10	45837074	49864148	4	2	2
chr10	49920876	50083780	1	1	0
chr10	50260014	52667334	4	2	2
chr10	52667490	54172642	9	9	0
chr10	54172794	65897526	4	2	2
chr10	65903804	67165666	3	2	1
chr10	67177604	67209744	1	1	0
chr10	67209894	67326212	4	2	2
chr10	67329319	67340678	2	2	0
chr10	67340828	68018814	4	2	2
chr10	68018964	68061022	2	2	0
chr10	68073122	69327992	4	2	2
chr11	115708	1178974	4	2	2
chr11	1179344	1213680	7	7	0
chr11	1216244	1391351	3	3	0
chr11	1391864	2917644	4	2	2
chr11	2963426	2964450	1	1	0
chr11	2965332	5309014	4	2	2
chr11	5309900	5346540	8	8	0
chr11	5346690	8925520	4	2	2
chr11	8927098	8937310	9	9	0
chr11	8937460	10104669	5	3	2
chr11	10209610	10589712	9	9	0
chr11	10618612	19553027	4	2	2
chr11	19555160	22766764	4	4	0
chr11	22772116	23377476	5	5	0
chr11	23377626	36342338	4	4	0
chr11	36342964	36444316	1	1	0
chr11	36485228	37348976	3	3	0
chr11	37357650	39518677	4	4	0
chr11	39518832	39713398	2	2	0
chr11	39816344	39865676	1	1	0
chr11	39865826	40774846	0	0	0
chr11	40775252	40813196	1	1	0
chr11	40816866	41264422	0	0	0
chr11	41433063	41566820	1	1	0
chr11	41570394	50164679	4	4	0
chr11	50167236	50972296	5	5	0
chr11	50973118	51708312	4	4	0
chr11	51765620	51855085	5	5	0
chr11	51890632	51904441	2	2	0
chr11	51906870	57460092	4	4	0
chr11	57460242	57558108	6	6	0
chr11	57558258	62260480	4	4	0
chr11	62260624	62450122	7	7	0
chr11	62455124	62886086	3	3	0
chr11	62886316	64029379	11	11	0
chr11	64032432	67538132	4	4	0
chr11	67538282	68791259	5	5	0
chr11	68805570	71356440	4	4	0
chr11	71360820	71639290	3	3	0
chr11	71639458	72529788	2	2	0
chr11	72564168	74369728	4	4	0
chr12	97582	1160090	4	2	2
chr12	1162100	1397482	5	3	2
chr12	1397738	2818026	4	2	2
chr12	2818176	2821160	7	7	0
chr12	2822394	4287100	4	4	0
chr12	4287236	5422186	5	5	0
chr12	5422336	5423509	1	1	0
chr12	5427758	9247430	4	4	0
chr12	9247542	9543038	2	2	0
chr12	9564198	12802204	4	4	0
chr12	12805378	16095492	3	2	1
chr12	16125426	16754570	9	9	0
chr12	16856242	21107454	3	2	1
chr12	21107607	21156514	10	10	0
chr12	21156664	31639429	3	2	1
chr12	31640046	33801404	4	2	2
chr12	33939832	35443928	5	5	0
chr12	35444161	35468938	10	10	0
chr12	35483630	40015694	4	4	0
chr12	40031436	40032117	1	1	0
chr12	40045936	41162437	3	3	0
chr12	41222569	42854686	5	5	0
chr12	42871282	45719112	4	2	2
chr12	45720114	45934100	11	11	0
chr12	46319244	55714325	4	4	0
chr12	55794832	55844260	9	9	0
chr12	55883445	56981008	4	4	0
chr12	57062066	57102901	2	2	0
chr12	57139572	62876210	4	2	2
chr12	62876360	63473233	6	6	0
chr12	63473768	65114979	4	4	0
chr12	65120442	65214560	2	2	0
chr12	65218078	68756568	4	2	2
chr12	68756724	69387810	7	7	0
chr12	69468084	70050368	3	3	0
chr12	70053372	72023419	4	2	2
chr12	72056672	72170742	2	2	0
chr12	72170874	72357498	4	2	2
chr12	72376458	72397418	2	2	0
chr12	72440298	72489359	4	4	0
chr13	41196	2580202	4	2	2
chr13	2580322	2596076	2	2	0
chr13	2607278	2970040	4	2	2
chr13	2970868	4318708	5	5	0
chr13	4361416	4391454	10	10	0
chr13	4395786	5764658	5	3	2
chr13	5764808	6338852	3	3	0
chr13	6359284	7599376	6	3	3
chr13	7599490	7762274	12	12	0
chr13	7762424	16774544	5	3	2
chr13	16774702	16889421	12	12	0
chr13	16928238	20341562	5	3	2
chr13	20475405	20990788	12	12	0
chr13	21377390	22772132	6	6	0
chr13	22794418	22979272	11	11	0
chr13	22979423	23344239	5	5	0
chr13	23344392	24270822	3	3	0
chr13	24271594	25377790	5	5	0
chr13	25377916	25574994	3	3	0
chr13	25577558	26588102	7	7	0
chr13	26654258	30465482	4	4	0
chr13	30465632	30723382	7	7	0
chr13	30728352	30959250	3	3	0
chr13	30959392	32756970	5	5	0
chr13	32757120	33973996	3	2	1
chr13	33987044	34579784	4	4	0
chr13	34580559	35889502	3	3	0
chr13	35889770	37590990	4	4	0
chr13	37591672	38808365	4	3	1
chr13	38809761	38866252	7	7	0
chr13	38866424	39872122	3	3	0
chr13	39881898	40977566	5	5	0
chr13	40977727	41232347	2	2	0
chr13	41291563	44527082	3	2	1
chr13	44565122	44608555	1	1	0
chr13	44610210	44782740	5	4	1
chr13	44812988	44825114	2	2	0
chr13	44843597	44976962	6	3	3
chr13	44981554	46520504	4	2	2
chr13	46520654	46524590	1	1	0
chr13	46524762	46871404	4	2	2
chr13	46871554	47143952	10	10	0
chr13	47144522	49091366	4	2	2
chr13	49091532	52740532	3	2	1
chr13	52740682	52742322	2	2	0
chr13	52909719	59679352	3	2	1
chr13	59679502	59733576	3	3	0
chr13	59738504	59822196	6	6	0
chr13	59826090	61589809	3	2	1
chr13	61589962	61828368	6	6	0
chr13	61866298	62316674	3	2	1
chr13	62321049	63230496	4	3	1
chr14	31032	5955858	4	2	2
chr14	5956008	5957648	12	12	0
chr14	5965610	7577870	5	3	2
chr14	7578020	7617692	10	10	0
chr14	7639668	8861849	4	2	2
chr14	8865428	8984044	3	3	0
chr14	8993538	13614501	4	2	2
chr14	13635004	13645266	7	7	0
chr14	13645418	15246980	4	4	0
chr14	15352244	15715450	7	7	0
chr14	15715600	22318634	4	2	2
chr14	22318784	22322540	2	2	0
chr14	22322874	27720188	4	2	2
chr14	27720338	27721084	1	1	0
chr14	27742791	31644628	4	2	2
chr14	31644778	32177318	3	2	1
chr14	32180057	33881390	5	3	2
chr14	33881506	34790326	4	2	2
chr14	34840546	35316124	13	13	0
chr14	35367240	36168374	5	3	2
chr14	36208831	36319486	2	2	0
chr14	36416860	37440677	5	3	2
chr14	37823936	39192373	4	2	2
chr14	39193317	39352670	6	6	0
chr14	39352820	39632136	4	2	2
chr14	39632381	43756477	5	3	2
chr14	43840500	43888030	12	12	0
chr14	43890742	45819268	5	3	2
chr14	45819434	45911710	11	11	0
chr14	45911860	46466622	7	4	3
chr14	46493984	47760242	5	3	2
chr14	47782646	52570665	3	2	1
chr14	52595652	53178045	6	6	0
chr14	53180100	53305158	3	3	0
chr14	53308360	53312138	1	1	0
chr14	53378610	54780192	5	5	0
chr14	54780342	55438402	3	3	0
chr14	55443260	55492868	6	6	0
chr14	55576802	55822001	3	3	0
chr14	55823202	55824554	10	10	0
chr14	55853320	56947552	4	2	2
chr14	57158504	58430444	9	9	0
chr14	58441396	59447230	4	2	2
chr14	59450798	59669318	1	1	0
chr14	59669468	60181756	3	2	1
chr14	60183370	60964327	4	2	2
chr15	235990	1096630	4	2	2
chr15	1182074	1183998	9	9	0
chr15	1285379	1753172	4	2	2
chr15	1762786	1879468	2	2	0
chr15	1917549	4979580	4	2	2
chr15	4979730	5174836	9	9	0
chr15	5176718	10653348	4	2	2
chr15	10690558	10879911	2	2	0
chr15	10882644	19949728	4	2	2
chr15	19976166	20111348	8	8	0
chr15	20118710	20406552	2	1	1
chr15	20406702	25016338	4	2	2
chr15	25016484	26199863	9	9	0
chr15	26354585	26510463	4	2	2
chr15	26528834	26596442	1	1	0
chr15	26597752	29687720	3	2	1
chr15	29699708	29998896	6	6	0
chr15	29999046	30145989	2	2	0
chr15	30189896	36952602	4	2	2
chr15	36963384	37169534	6	6	0
chr15	37178224	37535162	2	1	1
chr15	37636258	39300266	5	3	2
chr15	39311900	41296676	4	2	2
chr15	41296828	41592898	2	2	0
chr15	41595094	44666346	4	2	2
chr15	44698958	44710796	2	2	0
chr15	44720644	46710082	4	2	2
chr15	46718204	46719304	1	1	0
chr15	46940663	48261842	4	4	0
chr15	48262001	48269530	2	2	0
chr15	48269682	49737496	4	4	0
chr15	49737646	50020815	3	3	0
chr15	50034872	55794842	4	4	0
chr15	55814489	55829290	10	10	0
chr15	55829674	61108467	4	2	2
chr15	61110372	61200257	1	1	0
chr15	61204430	63810102	4	2	2
chr15	63810256	64114699	5	3	2
chr15	64114860	64158922	2	2	0
chr16	87142	527215	3	2	1
chr16	527374	1003784	5	5	0
chr16	1003936	4295540	3	2	1
chr16	4295690	5272227	6	6	0
chr16	5319374	6722116	3	2	1
chr16	6723280	6751980	4	4	0
chr16	6754500	10579960	3	2	1
chr16	10588931	10611356	6	6	0
chr16	10683010	13884362	3	2	1
chr16	13901294	13946217	1	1	0
chr16	13947922	18143504	3	2	1
chr16	18151046	18201611	4	4	0
chr16	18201770	18933212	3	2	1
chr16	18936860	19239074	2	2	0
chr16	19239876	19415178	3	3	0
chr16	19441674	19451426	1	1	0
chr16	19454744	20771084	3	2	1
chr16	20801054	20817674	1	1	0
chr16	20818082	21183210	3	2	1
chr16	21183360	21247300	1	1	0
chr16	21336718	26736250	3	2	1
chr16	26767102	26913508	4	3	1
chr16	26913878	33953811	3	2	1
chr16	33959860	34066582	1	1	0
chr16	34120132	35039862	4	3	1
chr16	35147504	35263890	7	7	0
chr16	35372934	35768928	3	3	0
chr16	35770090	35964405	6	6	0
chr16	35999612	42960410	3	2	1
chr16	42960560	42984397	8	8	0
chr16	42986852	45458178	2	2	0
chr16	45458328	45636882	5	5	0
chr16	45637033	48336106	3	3	0
chr16	48336716	50773480	5	5	0
chr16	50784106	53938442	3	2	1
chr16	53943916	53982882	5	5	0
chr16	53990501	54054970	1	1	0
chr16	54055120	56452788	3	2	1
chr16	56555588	58129811	2	2	0
chr16	58295282	59393570	3	2	1
chr16	59393732	59532300	2	2	0
chr16	59532450	59533045	5	5	0
chr17	21072	875082	3	2	1
chr17	889910	922650	1	1	0
chr17	922771	1510570	4	4	0
chr17	1510734	2094022	3	2	1
chr17	2102698	2117644	1	1	0
chr17	2118085	3809082	3	2	1
chr17	3809467	4047516	2	2	0
chr17	4047681	4755572	3	2	1
chr17	4768736	5723622	5	5	0
chr17	5820418	10660608	3	2	1
chr17	10737056	11138226	9	9	0
chr17	11141460	13267182	5	3	2
chr17	13270824	13296472	10	10	0
chr17	13297024	14070076	5	3	2
chr17	14084540	14361922	3	3	0
chr17	14362072	15261474	6	4	2
chr17	15263247	15623647	9	9	0
chr17	15623800	15626252	2	2	0
chr17	15627122	16670152	6	4	2
chr17	16670310	18028670	9	9	0
chr17	18109703	21521333	6	4	2
chr17	21522358	21927355	8	8	0
chr17	21935845	24798936	6	4	2
chr17	24805664	24879616	11	11	0
chr17	24880792	25426134	6	4	2
chr17	25426542	29980972	5	3	2
chr17	30053554	31438635	4	2	2
chr17	31439070	31610594	12	12	0
chr17	31611402	33709259	4	2	2
chr17	33712246	37292422	5	3	2
chr17	37292566	37307008	2	2	0
chr17	37307158	37406358	4	2	2
chr17	37410450	37474914	2	2	0
chr17	37475028	39008206	5	3	2
chr17	39009280	46795910	6	4	2
chr17	46996567	47218418	14	14	0
chr17	47229056	48944244	6	4	2
chr17	48946394	49388584	4	2	2
chr17	49388706	49488608	3	3	0
chr17	49513387	49575694	16	16	0
chr17	49575846	49735472	7	4	3
chr17	49735622	50652218	4	2	2
chr17	50652368	50806778	6	6	0
chr17	51002060	51396883	4	2	2
chr17	51412646	51502494	1	1	0
chr17	51502644	51779220	4	2	2
chr17	51779370	51781004	10	10	0
chr17	51785312	51794427	2	1	1
chr17	51794578	58605790	4	2	2
chr17	58609448	58897264	5	3	2
chr17	58897414	59003026	3	2	1
chr17	59003436	60865518	5	3	2
chr17	60877597	60880924	7	7	0
chr17	60891734	64239642	4	2	2
chr18	15640	1352287	4	2	2
chr18	1370796	1666585	2	2	0
chr18	1676672	2458818	5	3	2
chr18	2458972	9892778	4	2	2
chr18	9919098	10007000	1	1	0
chr18	10024404	11474900	3	2	1
chr18	11475047	11674772	5	5	0
chr18	11678652	24612979	3	2	1
chr18	24734668	24859290	1	1	0
chr18	24864676	26295924	3	2	1
chr18	26317872	28841796	2	2	0
chr18	28841946	47007431	3	2	1
chr18	47008928	47170010	4	3	1
chr18	47170160	55814650	3	2	1
chr19	12695	1738549	4	2	2
chr19	1738977	2271326	6	6	0
chr19	2280628	2653088	3	3	0
chr19	2656448	3059142	2	1	1
chr19	3059297	3059607	3	3	0
chr19	3059762	21388750	2	2	0
chr19	21388994	22329619	6	6	0
chr19	22369016	23337457	2	2	0
chr19	23337608	23700932	4	3	1
chr19	23734634	29058588	6	4	2
chr19	29119694	29986502	9	6	3
chr19	29989630	30865512	6	4	2
chr19	30865652	30996416	10	10	0
chr19	30998308	33707542	4	3	1
chr19	33729628	35943472	2	2	0
chr19	36070236	36689838	4	4	0
chr19	36689988	37087310	7	7	0
chr19	37116140	37424842	4	4	0
chr19	37553826	38877722	2	2	0
chr19	38916258	39096008	4	4	0
chr19	39108900	46417370	2	2	0
chr19	46417520	46425273	4	4	0
chr19	46432273	47747550	2	2	0
chr19	47747701	50247330	3	2	1
chr19	50264158	50268456	1	1	0
chr19	50268580	51173038	4	2	2
chr19	51174718	51824490	10	10	0
chr19	51824640	53242441	4	2	2
chr19	53256590	53721840	3	3	0
chr19	53732120	53732236	5	5	0
chr20	25920	98956	5	3	2
chr20	99096	120608	2	2	0
chr20	124642	3161736	4	2	2
chr20	3165086	3167244	10	10	0
chr20	3168954	3952484	4	2	2
chr20	3952646	3964792	2	2	0
chr20	3973144	9812658	4	2	2
chr20	9812808	10281346	3	3	0
chr20	10287068	12493404	4	2	2
chr20	12495502	12629088	7	7	0
chr20	12642778	25949890	4	2	2
chr20	26005552	26142918	7	7	0
chr20	26143088	32738680	4	2	2
chr20	32738836	32791880	1	1	0
chr20	32794518	42565776	4	2	2
chr20	42565926	46977740	5	3	2
chr20	46977890	47011531	13	13	0
chr20	47012142	49633618	4	2	2
chr20	49633770	49741179	10	10	0
chr20	49814106	50949212	5	3	2
chr20	50949362	51828046	4	2	2
chr20	51828196	53179675	5	3	2
chr20	53188466	53242876	8	8	0
chr20	53253855	55483334	4	2	2
chr20	55483484	55484534	2	2	0
chr20	55484680	58095322	5	3	2
chr21	15722	16152	8	8	0
chr21	31602	5870728	2	2	0
chr21	5873456	7641412	3	3	0
chr21	7712070	7712820	8	8	0
chr21	7712970	9183076	2	2	0
chr21	9183226	10401960	3	3	0
chr21	10403819	11439252	1	1	0
chr21	11439408	12363082	2	2	0
chr21	12363239	12615562	1	1	0
chr21	12637816	13174086	0	0	0
chr21	13210445	13761673	1	1	0
chr21	13761832	14986142	2	2	0
chr21	14986294	14989494	4	4	0
chr21	15006488	20800037	2	2	0
chr21	20800204	20811844	5	5	0
chr21	20813398	26221930	2	2	0
chr21	26228208	26232690	6	6	0
chr21	26232840	30509108	2	2	0
chr21	30579176	30651629	1	1	0
chr21	30660582	33473946	2	2	0
chr21	33474102	33587847	5	5	0
chr21	33611712	34098628	2	2	0
chr21	34098778	34370872	5	5	0
chr21	34371014	37241903	2	2	0
chr21	37243242	37365808	1	1	0
chr21	37461262	38403720	3	3	0
chr21	38410258	44439095	2	2	0
chr21	44440028	44614582	5	5	0
chr21	44614732	47467226	2	2	0
chr21	47473249	47640563	5	5	0
chr21	47672404	47965750	2	2	0
chr21	47966920	48186324	1	1	0
chr21	48192746	50455210	2	2	0
chr21	50456222	50500718	1	1	0
chr21	50501610	50752003	2	2	0
chr21	50854391	50855618	4	4	0
chr22	75033	823520	4	2	2
chr22	823672	867732	6	3	3
chr22	868656	1262460	4	4	0
chr22	1264882	1508434	5	5	0
chr22	1523349	1846940	10	10	0
chr22	1847054	2918188	3	3	0
chr22	2918338	3018690	1	1	0
chr22	3029312	3526190	3	2	1
chr22	3526340	4099882	5	3	2
chr22	4453790	6013850	4	2	2
chr22	6030194	6039599	7	7	0
chr22	6041704	10213196	3	2	1
chr22	10327049	13239977	7	7	0
chr22	13865088	17155826	3	2	1
chr22	17157512	18050618	6	6	0
chr22	18050770	27183534	3	2	1
chr22	27183670	27637794	6	6	0
chr22	27637944	41161560	3	2	1
chr22	41161910	42478079	5	5	0
chr22	42478238	45431404	3	2	1
chr22	45717050	45766360	2	2	0
chr22	45766510	49464098	4	2	2
chr22	49471124	49515463	15	15	0
chr22	49515626	52617348	3	2	1
chr22	52617464	55566414	8	8	0
chr22	55566564	57626550	4	4	0
chr22	57647366	57835259	2	2	0
chr22	57835415	58226462	5	5	0
chr22	58226612	59021278	4	4	0
chr22	59021435	59129923	2	2	0
chr22	59130360	61378050	4	2	2
chr23	1992	2922812	4	2	2
chr23	2948576	3246796	2	2	0
chr23	3261833	5506478	5	3	2
chr23	5722733	9541794	4	2	2
chr23	9563374	9565924	8	8	0
chr23	9566074	10348319	4	2	2
chr23	10348472	10559750	2	2	0
chr23	10560288	14645358	4	4	0
chr23	14645510	16511483	3	2	1
chr23	16512594	16677208	2	2	0
chr23	16710717	18147607	3	2	1
chr23	18158710	23144890	4	4	0
chr23	23145040	29107758	3	2	1
chr23	29107912	29283610	6	6	0
chr23	29294921	35721281	3	2	1
chr23	35726034	44529454	4	2	2
chr23	44530825	45270540	5	3	2
chr23	45270690	49420769	4	2	2
chr23	49449993	49483568	1	1	0
chr23	49493872	50651392	4	2	2
chr23	50652036	50782386	8	8	0
chr23	50782542	52151534	4	4	0
chr23	52157892	52283217	2	2	0
chr23	52293578	52293696	3	3	0
chr24	71316	366932	4	4	0
chr24	367082	1215548	5	5	0
chr24	1215698	1688126	8	8	0
chr24	1743986	2462446	4	4	0
chr24	2502586	2709296	8	8	0
chr24	2709446	3320522	4	4	0
chr24	3322902	3330636	1	1	0
chr24	3330786	5549970	4	2	2
chr24	5556914	5560628	10	10	0
chr24	5567266	6183921	4	2	2
chr24	6187346	6274240	7	7	0
chr24	6274362	12694050	4	2	2
chr24	12694206	12754375	7	7	0
chr24	12757496	15201619	4	4	0
chr24	15209895	15751886	7	7	0
chr24	15754070	16704679	4	2	2
chr24	16704830	16761759	3	3	0
chr24	16764402	19055408	5	3	2
chr24	19055558	19238550	3	3	0
chr24	19240376	20418054	4	2	2
chr24	20418206	20561158	6	3	3
chr24	20563660	24818956	4	2	2
chr24	24819106	24821200	10	10	0
chr24	24822602	25556198	4	2	2
chr24	25559170	25816223	6	3	3
chr24	25819368	29228375	4	2	2
chr24	29228528	29293726	11	11	0
chr24	29347726	29365920	4	2	2
chr24	29397381	29399646	9	9	0
chr24	29399797	31067092	4	2	2
chr24	31117298	31217272	10	10	0
chr24	31217660	36503581	4	2	2
chr24	36552028	36603193	2	2	0
chr24	36611524	38386504	5	3	2
chr24	38386616	42589666	4	2	2
chr24	42602672	42711136	6	3	3
chr24	42711286	44608206	4	2	2
chr24	44608350	45911441	6	3	3
chr24	45911596	46837300	5	3	2
chr24	46851884	46916816	2	2	0
chr24	46916969	47333304	5	3	2
chr24	47333454	47355496	2	2	0
chr24	47355754	47672041	4	4	0
chr25	14815	2547228	4	2	2
chr25	2547706	2585246	9	9	0
chr25	2609269	13968184	4	2	2
chr25	13981916	13984316	8	8	0
chr25	13984466	14988492	4	2	2
chr25	14988642	16681716	3	2	1
chr25	16681861	18127443	4	2	2
chr25	18156948	18220344	2	2	0
chr25	18221142	21109504	4	2	2
chr25	21109654	21409468	7	7	0
chr25	21741708	24152856	4	2	2
chr25	24288784	24511951	8	8	0
chr25	24512704	25385608	3	3	0
chr25	25440002	26182906	2	2	0
chr25	26210608	26300216	6	6	0
chr25	26336994	27021790	3	3	0
chr25	27021963	27247270	2	2	0
chr25	27267924	28348308	3	3	0
chr25	28353326	34794116	4	2	2
chr25	34794582	34855668	10	10	0
chr25	34855821	37242986	4	2	2
chr25	37250820	37292718	9	9	0
chr25	37293348	37486540	5	5	0
chr25	37486690	38670954	4	4	0
chr25	38671106	38735660	7	7	0
chr25	38748585	39159668	3	2	1
chr25	39192028	39684324	8	4	4
chr25	39684474	40802468	4	2	2
chr25	40802618	41425893	7	7	0
chr25	41426058	42401848	4	2	2
chr25	42409565	42415888	1	1	0
chr25	42420035	45444444	4	2	2
chr25	45447382	47027402	5	5	0
chr25	47028270	47679935	4	4	0
chr25	47680088	47783326	11	11	0
chr25	47784032	48870048	4	2	2
chr25	48870210	49081288	1	1	0
chr25	49082338	49713818	5	3	2
chr25	49862222	50297903	3	2	1
chr25	50298836	50916040	5	3	2
chr25	50923100	50971360	8	8	0
chr25	50972527	51492206	4	2	2
chr25	51492356	51535558	3	2	1
chr25	51537886	51628619	4	2	2
chr26	14534	1787306	4	2	2
chr26	1791158	1907968	3	2	1
chr26	1908118	3920777	5	3	2
chr26	3921862	4182372	2	2	0
chr26	4223290	12332292	4	2	2
chr26	12332442	12714229	2	2	0
chr26	12714382	14631848	4	2	2
chr26	14711784	14716906	1	1	0
chr26	14719034	18484658	4	2	2
chr26	18511560	18532362	2	2	0
chr26	18532512	25026816	4	2	2
chr26	25050304	27028181	3	2	1
chr26	27028760	27615257	4	2	2
chr26	27615562	27628478	2	2	0
chr26	27702517	28810404	5	3	2
chr26	28810554	28860413	2	2	0
chr26	28931881	29010402	12	12	0
chr26	29010596	31232776	5	3	2
chr26	31233036	32723064	6	3	3
chr26	32724554	37913120	4	2	2
chr26	37945146	38054134	2	2	0
chr26	38054282	38963574	4	2	2
chr27	9008	485410	4	2	2
chr27	485560	699703	8	8	0
chr27	735580	875819	5	3	2
chr27	897410	904326	2	1	1
chr27	904476	1323312	4	2	2
chr27	1382551	1405750	8	8	0
chr27	1405908	2454076	5	3	2
chr27	2454234	2571876	2	2	0
chr27	2572027	2883296	4	2	2
chr27	2883446	3165370	5	3	2
chr27	3165520	3177888	2	1	1
chr27	3178038	13129048	4	2	2
chr27	13135574	13185353	2	2	0
chr27	13191628	17613842	4	2	2
chr27	17614640	18518898	6	6	0
chr27	18526952	25713033	4	2	2
chr27	25716654	25749671	2	2	0
chr27	25750594	28789773	4	2	2
chr27	28789925	30195702	5	3	2
chr27	30205406	30675776	3	3	0
chr27	30679764	36821032	4	2	2
chr27	36844678	37307808	5	3	2
chr27	37308370	45679526	4	2	2
chr27	45679676	45856726	6	6	0
chr28	67154	75948	5	3	2
chr28	80224	4094952	4	2	2
chr28	4178702	5446562	5	3	2
chr28	5470344	5473496	10	10	0
chr28	5523722	6256880	4	2	2
chr28	6257280	6817654	5	3	2
chr28	6817813	14400132	4	2	2
chr28	14400628	14410540	2	2	0
chr28	14410698	22369634	4	2	2
chr28	22369784	23204343	7	7	0
chr28	23204622	27516765	4	2	2
chr28	27517245	27624646	1	1	0
chr28	27624796	29059801	4	2	2
chr28	29119504	29286310	2	2	0
chr28	29291500	30826882	4	2	2
chr28	30827772	31293168	2	2	0
chr28	31303970	34711685	4	2	2
chr28	34712128	34835607	1	1	0
chr28	34845920	38755271	4	2	2
chr28	38762469	39987394	2	1	1
chr28	39987544	40335479	4	2	2
chr28	40339323	40467528	2	2	0
chr28	40468929	41178210	4	2	2
chr28	41178362	41181712	3	2	1
chr29	35082	3974227	3	2	1
chr29	3976506	4651128	4	3	1
chr29	4651474	4779604	9	9	0
chr29	4779754	5990660	4	3	1
chr29	5990810	6640678	3	2	1
chr29	6908352	7483148	12	8	4
chr29	7483298	7674826	6	4	2
chr29	7679587	8215790	2	2	0
chr29	8380810	8782598	4	4	0
chr29	9000662	9841990	2	1	1
chr29	9910050	11069090	3	3	0
chr29	11156416	11724142	2	1	1
chr29	11779380	11827712	5	5	0
chr29	11828186	13629606	2	2	0
chr29	13629752	15834030	3	2	1
chr29	15834180	15913456	8	8	0
chr29	16016266	17734838	3	2	1
chr29	17734988	17839752	7	7	0
chr29	17839904	20306922	3	2	1
chr29	20307352	20802572	2	2	0
chr29	20815994	23461148	3	2	1
chr29	23681148	23682622	1	1	0
chr29	23732340	24604152	4	4	0
chr29	24667276	26322889	2	2	0
chr29	26330780	26388512	7	7	0
chr29	26389699	27848468	3	3	0
chr29	27848621	27897158	5	5	0
chr29	27897330	28939930	3	3	0
chr29	28960302	34057316	4	4	0
chr29	34207410	35162174	2	2	0
chr29	35162324	35286487	1	1	0
chr29	35287932	36834346	2	1	1
chr29	36834496	37959341	5	5	0
chr29	38004302	38441638	2	2	0
chr29	38441792	39145040	3	3	0
chr29	39154722	39535074	5	5	0
chr29	39535658	39869068	3	3	0
chr29	39872892	40014866	1	1	0
chr29	40021888	40580174	3	3	0
chr29	40580310	40693872	6	6	0
chr29	40694022	41487354	4	4	0
chr29	41487518	41559471	6	6	0
chr29	41560586	41815122	3	2	1
chr30	41440	3153032	4	2	2
chr30	3219413	4077238	7	7	0
chr30	4129156	6145766	4	2	2
chr30	6145916	8712066	5	3	2
chr30	8712181	10426072	4	4	0
chr30	10426486	10432268	8	8	0
chr30	10439544	12719298	4	2	2
chr30	12719464	13302376	10	10	0
chr30	13302534	14056888	3	2	1
chr30	14057038	18425416	4	2	2
chr30	18536978	18541886	8	8	0
chr30	18542036	22815028	4	4	0
chr30	22815179	23450673	3	3	0
chr30	23556098	24824754	4	4	0
chr30	24878200	25176636	8	8	0
chr30	25176815	26736862	3	2	1
chr30	26738505	27446990	4	2	2
chr30	27448604	27500812	2	2	0
chr30	27500962	31013756	4	2	2
chr30	31013906	31246182	7	7	0
chr30	31246332	31966194	4	2	2
chr30	31966344	32119326	2	2	0
chr30	32121114	33354068	4	2	2
chr30	33354254	33567284	2	2	0
chr30	33567434	37721736	4	2	2
chr30	37721896	38821004	5	3	2
chr30	38821183	39203464	3	2	1
chr30	39203614	39235586	2	2	0
chr30	39246078	39957504	5	3	2
chr30	39960542	40211866	3	2	1
chr31	8024	210966	4	2	2
chr31	221998	2350554	2	1	1
chr31	2350704	3977622	7	7	0
chr31	3977759	11204227	3	2	1
chr31	11204387	22289778	2	1	1
chr31	22332896	24034500	3	3	0
chr31	24037618	25830686	2	1	1
chr31	25842476	26061334	8	8	0
chr31	26065173	31619738	4	2	2
chr31	31677808	31710156	8	4	4
chr31	31710568	31823226	4	2	2
chr31	31823376	32203750	6	3	3
chr31	32203910	32403048	4	2	2
chr31	32422926	32504940	9	9	0
chr31	32511578	33925797	4	2	2
chr31	33976598	34017653	1	1	0
chr31	34055806	34133188	3	3	0
chr31	34133338	35277532	4	2	2
chr31	35399252	35714068	9	9	0
chr31	35723717	35959558	5	3	2
chr31	35968634	36043074	2	1	1
chr31	36169604	37321530	5	3	2
chr31	37321680	37397018	7	7	0
chr31	37397168	37879659	5	3	2
chr31	37880084	37910589	2	2	0
chr31	37929934	38297787	5	3	2
chr31	38297938	38411142	2	1	1
chr31	38411255	39441064	4	2	2
chr31	39446948	39460502	10	10	0
chr31	39460788	39892782	5	3	2
chr31	39892937	39893560	2	2	0
chr32	67584	2990102	3	3	0
chr32	2990252	4450499	3	2	1
chr32	4450652	4490400	7	7	0
chr32	4508293	5321884	2	2	0
chr32	5325194	8610504	3	2	1
chr32	8620179	9056950	8	8	0
chr32	9057108	18333525	3	2	1
chr32	18491344	19902409	6	6	0
chr32	19907196	26493674	3	2	1
chr32	26494633	27646916	4	4	0
chr32	27713028	28290607	6	6	0
chr32	28354170	30753438	3	2	1
chr32	30754570	31606262	8	8	0
chr32	31606412	38724876	4	2	2
chr33	13756	282464	4	4	0
chr33	282614	1698582	3	3	0
chr33	1713198	5385910	4	2	2
chr33	5386234	5447638	7	7	0
chr33	5447788	8678470	4	4	0
chr33	8678620	11331620	5	3	2
chr33	11344154	14491618	3	2	1
chr33	14500340	15739106	7	7	0
chr33	15739438	17968261	4	2	2
chr33	17992748	17994292	2	2	0
chr33	18011980	27707210	4	2	2
chr33	27707382	30422020	5	3	2
chr33	30422691	31360258	4	2	2
chr34	111379	1465257	4	3	1
chr34	1466814	2622788	11	11	0
chr34	2680022	6505382	4	3	1
chr34	6527478	6581510	8	8	0
chr34	6581686	8906153	4	4	0
chr34	8930656	10912422	4	3	1
chr34	10912578	10989936	2	2	0
chr34	10990911	11166134	4	4	0
chr34	11166284	18766966	4	2	2
chr34	18785064	19200972	3	3	0
chr34	19201868	22424940	4	2	2
chr34	22434511	22434511	4	4	0
chr34	22435457	30977516	3	2	1
chr34	31201516	31258328	7	7	0
chr34	31258474	40095912	3	2	1
chr34	40096062	41334546	2	1	1
chr34	41334700	42095436	4	2	2
chr34	42095588	42103540	3	2	1
chr35	56528	1084170	3	3	0
chr35	1407449	2055464	4	4	0
chr35	2055614	2059674	11	11	0
chr35	2059824	3013467	4	2	2
chr35	3016368	3638480	5	3	2
chr35	3665573	6347445	3	2	1
chr35	6349703	6573720	6	6	0
chr35	6627672	7654148	3	2	1
chr35	7655548	7804318	1	1	0
chr35	7804495	11471830	3	2	1
chr35	11471980	11676110	1	1	0
chr35	11696370	13601109	3	2	1
chr35	13605500	14089808	8	8	0
chr35	14102021	15477100	3	2	1
chr35	15480551	16133608	6	6	0
chr35	16133766	17237321	3	2	1
chr35	17238512	18227058	5	5	0
chr35	18227208	19096258	2	2	0
chr35	19096408	20763940	3	3	0
chr35	20764084	21961856	6	6	0
chr35	22216965	26508522	3	2	1
chr35	26508683	26508683	4	4	0
chr36	311666	1898462	4	2	2
chr36	1920088	2395506	3	3	0
chr36	2395656	3800080	4	4	0
chr36	3818458	3995127	2	2	0
chr36	3999098	13084091	4	2	2
chr36	13098080	13410867	9	9	0
chr36	13475210	16855410	5	3	2
chr36	16860342	16918414	2	2	0
chr36	16919870	22169824	4	2	2
chr36	22169977	22365809	3	3	0
chr36	22367020	23392558	4	4	0
chr36	23396984	24135000	2	2	0
chr36	24136138	27527314	3	2	1
chr36	27672774	27867455	9	9	0
chr36	28196570	28804086	3	2	1
chr36	28815240	30808270	4	3	1
chr37	150244	6358280	4	2	2
chr37	6359646	8018810	5	3	2
chr37	8045672	9782762	4	2	2
chr37	9782930	11319702	5	3	2
chr37	11340658	11342422	1	1	0
chr37	11449162	12634916	5	3	2
chr37	12647796	19723448	4	2	2
chr37	19741422	20447926	9	9	0
chr37	20448076	23332167	4	2	2
chr37	23332922	23365414	10	10	0
chr37	23365564	23994156	5	3	2
chr37	24047092	24581884	11	11	0
chr37	24582042	27686856	5	3	2
chr37	27687446	28803590	4	2	2
chr37	28805831	28864690	2	2	0
chr37	28882293	30110472	5	3	2
chr37	30120904	30407772	2	2	0
chr37	30479520	30884852	5	3	2
chr38	43216	2295980	5	3	2
chr38	2296146	2335910	2	2	0
chr38	2336042	5733998	5	3	2
chr38	5743596	10908999	4	4	0
chr38	11008885	12255982	5	3	2
chr38	12394698	12441398	1	1	0
chr38	12685694	14556912	5	3	2
chr38	14557062	14710240	8	8	0
chr38	14710390	14973012	5	3	2
chr38	14973171	15306050	3	3	0
chr38	15306198	15477801	5	3	2
chr38	15478756	16317446	3	2	1
chr38	16317594	16750356	2	2	0
chr38	16750512	16828261	4	3	1
chr38	16830959	17221600	3	2	1
chr38	17221942	17613306	5	4	1
chr38	17630198	17646972	2	2	0
chr38	17650290	18536053	4	3	1
chr38	18536928	18775492	2	2	0
chr38	18891825	19779129	4	3	1
chr38	19843788	19942326	8	8	0
chr38	19942484	21087624	4	3	1
chr38	21089354	21113294	1	1	0
chr38	21113444	22310954	4	3	1
chr38	22311112	22887554	3	2	1
chr38	22887708	22901447	1	1	0
chr38	22901604	23871764	4	3	1
