chromosome	start	end	total_cn	major_cn	minor_cn
chr1	252179	19197326	2	1	1
chr1	19202385	21099725	5	5	0
chr1	21106528	55595866	2	1	1
chr1	55597026	56896224	1	1	0
chr1	56896396	64654626	2	2	0
chr1	64654776	64689588	5	5	0
chr1	64736252	72449198	2	1	1
chr1	72494834	73197112	0	0	0
chr1	73197262	73913208	3	2	1
chr1	73913737	75109185	1	1	0
chr1	75111201	75481784	5	5	0
chr1	75481936	87660734	2	1	1
chr1	87690024	87917504	1	1	0
chr1	87944374	115919402	2	1	1
chr1	115919780	115997306	0	0	0
chr1	115997457	117001464	2	1	1
chr1	117054908	117125691	0	0	0
chr1	117126518	119523034	2	1	1
chr1	119526180	120175712	5	3	2
chr1	120185246	122037682	2	1	1
chr1	122155068	122655590	3	3	0
chr2	22644	4302802	3	2	1
chr2	4302952	5658576	2	1	1
chr2	5677246	16410644	1	1	0
chr2	16410794	17455318	0	0	0
chr2	17455468	19379732	1	1	0
chr2	19383002	19544370	5	5	0
chr2	19578017	30686023	1	1	0
chr2	30686178	31659922	0	0	0
chr2	31660918	31945322	1	1	0
chr2	31945472	36139056	0	0	0
chr2	36158496	36558430	1	1	0
chr2	36558580	38124614	0	0	0
chr2	38124764	40441530	2	1	1
chr2	40444596	40834468	0	0	0
chr2	40856074	42495728	1	1	0
chr2	42496074	43184676	0	0	0
chr2	43186786	60978108	2	1	1
chr2	60978224	61504022	1	1	0
chr2	61555567	63086038	2	1	1
chr2	63086188	64239422	1	1	0
chr2	64243676	64688332	2	1	1
chr2	64688484	64869594	0	0	0
chr2	64869748	74547867	2	1	1
chr2	74548802	74830596	5	3	2
chr2	74832574	79072944	2	1	1
chr2	79102742	79171862	0	0	0
chr2	79180914	85416792	2	1	1
chr2	85416950	85417108	0	0	0
chr3	8314	39510998	0	0	0
chr3	39511178	39511178	2	2	0
chr3	39582883	43014646	2	1	1
chr3	43022334	47150052	0	0	0
chr3	47152288	47320020	3	3	0
chr3	47320878	47589176	0	0	0
chr3	47589328	48005227	1	1	0
chr3	48169263	48545098	0	0	0
chr3	48697368	49712888	2	1	1
chr3	49760716	50856367	0	0	0
chr3	50875012	55913944	2	1	1
chr3	55914068	56202562	0	0	0
chr3	56224734	60680954	2	1	1
chr3	60681128	60841091	0	0	0
chr3	60844780	63120706	2	1	1
chr3	63120856	69121330	0	0	0
chr3	69121480	74666101	3	2	1
chr3	74666256	83724466	0	0	0
chr3	83767688	83793883	2	2	0
chr3	83795010	91258510	0	0	0
chr3	91259964	91270828	2	2	0
chr3	91270979	91849370	0	0	0
chr3	91864342	91887855	2	2	0
chr4	16163	12217402	3	2	1
chr4	12218266	14709443	2	1	1
chr4	14779008	14958299	0	0	0
chr4	14974580	15828510	3	3	0
chr4	15829364	70510364	2	1	1
chr4	70574075	70754262	0	0	0
chr4	70968514	88272406	2	1	1
chr5	22388	4100444	3	2	1
chr5	4170007	4458484	0	0	0
chr5	4458634	8141246	2	2	0
chr5	8172388	30815797	2	1	1
chr5	30817026	31270056	1	1	0
chr5	31279620	53004442	2	1	1
chr5	53004592	54088410	5	5	0
chr5	54092288	58494058	2	1	1
chr5	58494190	59160354	1	1	0
chr5	59814348	64350342	2	1	1
chr5	64386248	64414580	0	0	0
chr5	64431918	78609953	2	1	1
chr5	78814566	79739357	1	1	0
chr5	79785720	85811712	2	1	1
chr5	85827680	88507265	1	1	0
chr5	88507416	88735270	4	4	0
chr6	311634	2563489	5	5	0
chr6	2563642	2749592	1	1	0
chr6	2749745	29223697	5	3	2
chr6	29226805	29803028	1	1	0
chr6	29803178	44477404	5	3	2
chr6	44477554	45373465	1	1	0
chr6	46131314	47591268	5	3	2
chr6	47591638	57976534	6	4	2
chr6	57976684	58598694	2	2	0
chr6	58603680	71150465	6	4	2
chr6	71195232	71594090	2	2	0
chr6	71594247	77477738	6	4	2
chr6	77477889	77539234	2	2	0
chr7	26328	7049173	2	1	1
chr7	7092724	8322136	1	1	0
chr7	8336090	13850702	2	1	1
chr7	13850864	13947452	12	12	0
chr7	13965946	15500732	2	1	1
chr7	15500882	15871310	3	3	0
chr7	15872239	15982985	12	12	0
chr7	15983290	39641132	2	1	1
chr7	39702282	39747438	0	0	0
chr7	39755796	48796155	2	1	1
chr7	48799879	49632224	4	4	0
chr7	49833950	52346456	5	5	0
chr7	52346606	52346606	4	4	0
chr7	52346756	65242488	2	1	1
chr7	65242646	66064376	4	4	0
chr7	66178668	74966906	2	1	1
chr7	74967065	75167270	0	0	0
chr7	75168816	75187328	8	8	0
chr7	75219848	80948182	2	1	1
chr7	80948337	80973558	13	13	0
chr7	80973708	80974448	2	2	0
chr8	45054	4272738	3	2	1
chr8	4273027	15089298	2	1	1
chr8	15089448	15216854	0	0	0
chr8	15217004	66701072	2	1	1
chr8	66701224	67822203	0	0	0
chr8	67822360	69621582	2	1	1
chr8	69621748	69846914	8	8	0
chr8	69860264	74293167	3	2	1
chr9	11980	691562	3	2	1
chr9	691935	3075815	2	2	0
chr9	3075970	4516152	3	2	1
chr9	4516304	4537408	0	0	0
chr9	4538018	5435668	2	2	0
chr9	5436858	5461450	7	7	0
chr9	5461600	6939732	2	1	1
chr9	6944314	7879504	3	3	0
chr9	7879658	8973290	1	1	0
chr9	8974310	16206240	2	1	1
chr9	16214530	16436916	7	7	0
chr9	16437066	20208836	2	1	1
chr9	20209078	61042436	1	1	0
chr10	16721	8082514	1	1	0
chr10	8082664	8640862	4	4	0
chr10	8644153	17589430	1	1	0
chr10	17589597	19197377	0	0	0
chr10	19232662	32533860	1	1	0
chr10	32534010	32635622	0	0	0
chr10	32653550	38700894	1	1	0
chr10	38702132	39987986	0	0	0
chr10	39988136	55270678	1	1	0
chr10	55271679	55362728	0	0	0
chr10	55374878	66637278	1	1	0
chr10	66637428	66775770	3	3	0
chr10	66775924	68018814	1	1	0
chr10	68018964	68061022	6	6	0
chr10	68073122	69327992	1	1	0
chr11	115708	932258	0	0	0
chr11	932412	2697998	2	1	1
chr11	2709454	2893443	0	0	0
chr11	2893626	2967190	2	1	1
chr11	2971951	5833365	0	0	0
chr11	5926120	8030111	3	3	0
chr11	8037944	11866341	0	0	0
chr11	11940304	13187710	3	2	1
chr11	13188348	13313586	0	0	0
chr11	13313738	16379194	4	3	1
chr11	16379344	18341928	0	0	0
chr11	18377162	21119736	3	2	1
chr11	21144050	21296293	1	1	0
chr11	21313994	22073866	3	2	1
chr11	22074033	22180956	13	13	0
chr11	22181082	27794422	3	2	1
chr11	27909930	34967184	0	0	0
chr11	35079958	39369789	3	2	1
chr11	39385562	50448180	0	0	0
chr11	50449452	52977308	3	2	1
chr11	52979978	53896538	0	0	0
chr11	53896694	58421712	2	1	1
chr11	58707184	62532750	0	0	0
chr11	62532900	62869432	4	4	0
chr11	62870237	64028470	1	1	0
chr11	64028621	64987200	3	2	1
chr11	64987350	66229074	1	1	0
chr11	66229234	68271818	4	4	0
chr11	68271940	74369728	0	0	0
chr12	97582	6305819	4	3	1
chr12	6316940	9788209	6	5	1
chr12	9789252	11300072	10	7	3
chr12	11300224	12762178	6	5	1
chr12	12766092	15187564	7	6	1
chr12	15189517	18572722	4	3	1
chr12	18572850	19309830	1	1	0
chr12	19312340	21047704	4	3	1
chr12	21098549	21136230	1	1	0
chr12	21156514	23201170	3	3	0
chr12	23201326	35414516	5	4	1
chr12	35415832	38878940	4	3	1
chr12	38879058	39857628	1	1	0
chr12	39865678	55713251	3	3	0
chr12	55714164	56016080	0	0	0
chr12	56027679	69763275	3	3	0
chr12	69763534	72489359	4	4	0
chr13	41196	20481990	3	2	1
chr13	20487524	21377390	0	0	0
chr13	21377540	22576425	3	2	1
chr13	22577517	23497916	9	5	4
chr13	23498042	25116338	4	2	2
chr13	25154935	25438816	16	16	0
chr13	25574054	27468854	6	6	0
chr13	27699956	31085810	3	2	1
chr13	31085960	31668640	1	1	0
chr13	31668790	33231218	4	4	0
chr13	33283450	36985288	2	1	1
chr13	36985734	38808365	3	2	1
chr13	38809761	38921868	0	0	0
chr13	38922021	44779284	2	1	1
chr13	44782602	44825114	16	16	0
chr13	44843597	49138458	3	2	1
chr13	49138600	57594725	2	2	0
chr13	57595505	58024042	5	5	0
chr13	58026040	62964971	3	2	1
chr13	62987130	63230496	0	0	0
chr14	31032	634884	1	1	0
chr14	635034	8883788	2	1	1
chr14	8883941	8993688	9	9	0
chr14	8993838	10988320	3	3	0
chr14	10997355	11386086	0	0	0
chr14	11387632	27524152	2	1	1
chr14	27524278	27743058	6	6	0
chr14	27743208	34789542	2	1	1
chr14	34790206	35316124	0	0	0
chr14	35367240	38580409	2	1	1
chr14	38580685	39511324	4	2	2
chr14	39514296	48853230	2	1	1
chr14	48853381	50927463	5	5	0
chr14	50927614	59443046	2	1	1
chr14	59447230	59828250	6	6	0
chr14	59828508	60964327	2	1	1
chr15	235990	7082985	3	2	1
chr15	7096730	8138994	1	1	0
chr15	8246374	10653348	3	2	1
chr15	10690558	10879911	8	8	0
chr15	10882644	50815016	3	2	1
chr15	50815166	50859706	1	1	0
chr15	50859849	61424266	3	2	1
chr15	61601222	64158922	2	1	1
chr16	87142	13992098	1	1	0
chr16	14002144	18933212	0	0	0
chr16	18936860	19489588	1	1	0
chr16	19490060	20965326	0	0	0
chr16	20965476	21247152	3	3	0
chr16	21247300	23723768	1	1	0
chr16	23723918	59533045	0	0	0
chr17	21072	90332	0	0	0
chr17	90492	5877282	4	2	2
chr17	5877433	5989198	8	8	0
chr17	5992130	7753926	4	4	0
chr17	7754077	7838634	1	1	0
chr17	7898150	15439518	4	2	2
chr17	15439658	15628414	2	2	0
chr17	15644768	16345470	5	3	2
chr17	16620008	18109868	1	1	0
chr17	18187850	27247340	4	2	2
chr17	27265320	28857955	1	1	0
chr17	28897294	46795910	4	2	2
chr17	46996567	47366576	1	1	0
chr17	47366733	49309656	3	2	1
chr17	49310294	49479004	6	3	3
chr17	49488608	51023658	3	2	1
chr17	51027952	64239642	4	2	2
chr18	15640	17440	3	3	0
chr18	17557	1558322	1	1	0
chr18	1558472	2358512	0	0	0
chr18	2358650	3564627	2	2	0
chr18	3564787	11558402	0	0	0
chr18	11566966	16503172	1	1	0
chr18	16522501	17478137	0	0	0
chr18	17479361	17654115	2	2	0
chr18	17656210	35872460	0	0	0
chr18	35880005	40689378	2	1	1
chr18	40689534	43097614	1	1	0
chr18	43098041	47169560	0	0	0
chr18	47169710	48062124	1	1	0
chr18	48062280	54826050	2	1	1
chr18	54826210	55814650	0	0	0
chr19	12695	4108055	0	0	0
chr19	4289935	4571846	5	5	0
chr19	4571996	14826386	0	0	0
chr19	14828335	19010908	5	3	2
chr19	19036466	19678195	2	1	1
chr19	19855078	20312045	0	0	0
chr19	20312204	21116019	3	2	1
chr19	21116172	23947040	0	0	0
chr19	23948107	25564881	4	4	0
chr19	25565354	41318526	0	0	0
chr19	41318677	42609754	1	1	0
chr19	42611332	53732236	0	0	0
chr20	25920	28358	0	0	0
chr20	28514	46184916	1	1	0
chr20	46196198	46262640	0	0	0
chr20	46262854	58095322	1	1	0
chr21	15722	26696198	0	0	0
chr21	26696357	27190344	1	1	0
chr21	27196586	50731451	0	0	0
chr21	50732282	50855618	2	2	0
chr22	75033	10213196	2	1	1
chr22	10327049	15461946	0	0	0
chr22	15573704	57626550	2	1	1
chr22	57647366	57947461	6	6	0
chr22	57953204	61378050	2	1	1
chr23	1992	11414604	2	1	1
chr23	11418688	11526782	0	0	0
chr23	11533748	16510914	2	1	1
chr23	16511064	16710717	7	7	0
chr23	16719340	28747013	2	1	1
chr23	28753782	29283610	0	0	0
chr23	29294921	41657094	2	1	1
chr23	41661459	41714098	12	12	0
chr23	41716912	42977953	1	1	0
chr23	42980258	45775845	2	1	1
chr23	45777293	46421808	4	4	0
chr23	46421967	51291440	2	1	1
chr23	51292746	51458924	0	0	0
chr23	51461484	52293696	3	2	1
chr24	71316	561000	3	3	0
chr24	561150	1430454	1	1	0
chr24	1430604	1749629	0	0	0
chr24	1751346	5529822	2	1	1
chr24	5549970	5634808	0	0	0
chr24	5636210	6187346	7	4	3
chr24	6192204	16847464	2	1	1
chr24	16847590	17214040	0	0	0
chr24	17214199	20138816	2	1	1
chr24	20139466	20232649	0	0	0
chr24	20236668	39884774	2	1	1
chr24	39884924	40130502	6	6	0
chr24	40200330	43441962	3	2	1
chr24	43443060	47672041	2	1	1
chr25	14815	26182906	2	1	1
chr25	26210608	26482728	1	1	0
chr25	26482878	35334368	2	1	1
chr25	35335466	37487124	1	1	0
chr25	37487268	50337769	2	1	1
chr25	50338718	50482156	1	1	0
chr25	50482327	51628619	2	1	1
chr26	14534	6926422	2	1	1
chr26	6963420	7284216	4	4	0
chr26	7288330	9076552	2	1	1
chr26	9077656	10314681	4	2	2
chr26	10318954	18344017	2	1	1
chr26	18344919	21296290	1	1	0
chr26	21296409	23761716	2	1	1
chr26	23761882	28045940	1	1	0
chr26	28046090	28795203	2	1	1
chr26	28804450	28808950	0	0	0
chr26	28809100	31014132	1	1	0
chr26	31014282	37906401	0	0	0
chr26	37909970	38037049	2	2	0
chr26	38050534	38963574	0	0	0
chr27	9008	772880	0	0	0
chr27	773030	1977244	1	1	0
chr27	1977394	2454076	0	0	0
chr27	2454234	5463146	1	1	0
chr27	5463296	12692835	0	0	0
chr27	12700698	37845398	1	1	0
chr27	37845934	40453484	3	2	1
chr27	40453623	43114772	2	1	1
chr27	43115843	45426089	1	1	0
chr27	45429819	45856726	2	2	0
chr28	67154	22368304	2	1	1
chr28	22368454	22831840	0	0	0
chr28	22921115	38613556	2	1	1
chr28	38613706	40023268	3	2	1
chr28	40026312	40329154	1	1	0
chr28	40329300	40419128	6	6	0
chr28	40451676	41151130	1	1	0
chr28	41151436	41181712	5	3	2
chr29	35082	4651128	3	2	1
chr29	4651474	11515502	1	1	0
chr29	11515652	13682790	2	2	0
chr29	13682940	15830098	1	1	0
chr29	15830248	16016578	0	0	0
chr29	16016734	22785412	1	1	0
chr29	22785562	24689480	0	0	0
chr29	24689630	31124348	1	1	0
chr29	31126263	31772558	2	2	0
chr29	31772708	31974904	1	1	0
chr29	31975066	35495358	2	2	0
chr29	35497734	35520918	0	0	0
chr29	35522200	36765284	1	1	0
chr29	36765434	37697246	0	0	0
chr29	37697402	38435538	2	2	0
chr29	38441022	38606570	0	0	0
chr29	38607584	41815122	1	1	0
chr30	41440	41760	1	1	0
chr30	41920	24824040	2	1	1
chr30	24824190	25053020	0	0	0
chr30	25053170	40209072	2	1	1
chr30	40209222	40211866	4	3	1
chr31	8024	20056	1	1	0
chr31	20318	26100916	0	0	0
chr31	26117258	26547932	2	2	0
chr31	26548050	33923527	3	2	1
chr31	33925797	34123138	7	7	0
chr31	34123266	34331816	2	2	0
chr31	34332798	35959558	0	0	0
chr31	35968634	36039870	3	2	1
chr31	36040114	38297787	0	0	0
chr31	38297938	38423587	1	1	0
chr31	38423740	39838736	0	0	0
chr31	39838892	39893560	1	1	0
chr32	67584	4450805	3	2	1
chr32	4450959	4509211	0	0	0
chr32	4509366	8610504	2	1	1
chr32	8620179	9056950	0	0	0
chr32	9057108	29567434	2	1	1
chr32	29644538	29766105	0	0	0
chr32	29772168	38724876	2	1	1
chr33	13756	1351392	2	1	1
chr33	1351515	1628180	8	8	0
chr33	1628331	11350134	2	1	1
chr33	11353480	13003058	3	3	0
chr33	13008750	14490974	2	1	1
chr33	14491618	15692510	1	1	0
chr33	15739106	17965624	2	2	0
chr33	17966181	17994292	9	9	0
chr33	18011980	31360258	2	1	1
chr34	111379	1662986	2	1	1
chr34	1745820	8821123	0	0	0
chr34	8821274	10912422	1	1	0
chr34	10912578	12535239	3	2	1
chr34	12538748	13145432	4	4	0
chr34	13148746	18823711	2	2	0
chr34	18834152	19397849	1	1	0
chr34	19398010	20781830	0	0	0
chr34	20816380	23080420	1	1	0
chr34	23080572	26154510	0	0	0
chr34	26154635	28383595	2	1	1
chr34	28385233	31489536	0	0	0
chr34	31489686	32263726	2	1	1
chr34	32265739	32351943	10	6	4
chr34	32357082	35712386	0	0	0
chr34	35712536	36729824	10	6	4
chr34	36731301	40612731	3	2	1
chr34	40656862	41290170	9	9	0
chr34	41291678	41991683	3	3	0
chr34	42044246	42103540	1	1	0
chr35	56528	58002	1	1	0
chr35	58157	3671612	0	0	0
chr35	3692368	5119278	1	1	0
chr35	5119434	24378311	0	0	0
chr35	24378462	24448849	1	1	0
chr35	24449136	26508683	0	0	0
chr36	311666	568813	0	0	0
chr36	568982	3800080	3	2	1
chr36	3818458	4106328	7	7	0
chr36	4106476	20418452	3	2	1
chr36	20418602	21161766	5	3	2
chr36	21172960	30808270	3	2	1
chr37	150244	13008596	2	1	1
chr37	13029292	13252100	0	0	0
chr37	13393518	23581198	2	1	1
chr37	23582130	24625650	1	1	0
chr37	24625800	30884734	2	1	1
chr37	30884852	30884852	1	1	0
chr38	43216	21079758	0	0	0
chr38	21079917	21107435	3	3	0
chr38	21113294	23871764	0	0	0
