chromosome	start	end	total_cn	major_cn	minor_cn
chr1	252179	801372	3	2	1
chr1	801526	901422	1	1	0
chr1	912618	3374376	3	2	1
chr1	3379799	4246706	2	2	0
chr1	4304013	20240866	3	2	1
chr1	20292140	39991058	4	2	2
chr1	39991208	55213506	3	2	1
chr1	55214118	55395689	2	2	0
chr1	55395846	72357688	3	2	1
chr1	72447722	73197862	2	2	0
chr1	73198012	78704338	3	2	1
chr1	78704488	88020329	4	3	1
chr1	88028942	88127028	6	6	0
chr1	88128388	95529536	4	3	1
chr1	95529686	104344314	3	2	1
chr1	104344464	106238332	4	3	1
chr1	106238482	106256110	2	2	0
chr1	106257094	121813729	4	3	1
chr1	121813908	121877280	2	2	0
chr1	121878562	122655430	4	4	0
chr1	122655590	122655590	3	3	0
chr2	22644	2197682	2	2	0
chr2	2254786	3419928	4	4	0
chr2	3472960	4302652	2	2	0
chr2	4302802	4994721	1	1	0
chr2	4997736	5210148	3	3	0
chr2	5210302	30714294	2	2	0
chr2	30805398	31657456	1	1	0
chr2	31657950	31875127	2	2	0
chr2	31945322	35517193	1	1	0
chr2	35519694	36095062	3	3	0
chr2	36136757	40764930	2	2	0
chr2	40765084	40924436	3	3	0
chr2	41005728	44897912	2	2	0
chr2	44898066	45679263	3	3	0
chr2	45724374	50687280	2	2	0
chr2	50746510	53226572	3	3	0
chr2	53362820	55116544	2	2	0
chr2	55174920	55471896	3	3	0
chr2	55475104	55670631	1	1	0
chr2	55670794	60978108	2	2	0
chr2	60978224	61555869	1	1	0
chr2	61556020	66849288	2	2	0
chr2	66851968	66932875	4	3	1
chr2	66934712	71020184	6	4	2
chr2	71020315	71230122	4	4	0
chr2	71230273	71514685	2	2	0
chr2	71519917	74936870	4	2	2
chr2	74973942	75168935	8	8	0
chr2	75169094	76551440	6	4	2
chr2	76612622	84864244	4	2	2
chr2	84868154	85220114	2	2	0
chr2	85224440	85417108	4	4	0
chr3	8314	20113666	3	2	1
chr3	20113827	20336588	2	2	0
chr3	20336756	40168584	3	3	0
chr3	40225548	40307818	1	1	0
chr3	40308490	44577208	4	2	2
chr3	44577324	45667631	6	6	0
chr3	45701702	55912744	3	2	1
chr3	55912894	56193340	2	2	0
chr3	56193490	60497532	3	2	1
chr3	60500020	60678844	2	2	0
chr3	60678997	74369467	3	2	1
chr3	74372488	75667923	4	2	2
chr3	75668438	84064514	3	2	1
chr3	84064664	84687580	4	2	2
chr3	84687734	91739973	3	2	1
chr3	91740646	91887855	4	2	2
chr4	16163	4968504	4	2	2
chr4	4968654	5245400	2	1	1
chr4	5245552	25464643	4	2	2
chr4	25464934	25586502	2	2	0
chr4	25586648	28457352	4	2	2
chr4	28457494	29077456	3	3	0
chr4	29077668	29734003	5	3	2
chr4	29734166	30682650	3	3	0
chr4	30682800	34763156	5	3	2
chr4	34763699	34784000	2	1	1
chr4	34784150	55948384	5	3	2
chr4	56099912	57552240	7	7	0
chr4	57552760	58736014	5	3	2
chr4	58738606	58788232	1	1	0
chr4	58788384	59038426	5	5	0
chr4	59043594	68648284	3	2	1
chr4	68648434	69496342	2	2	0
chr4	69625602	88272406	3	2	1
chr5	22388	355352	2	2	0
chr5	360364	746023	1	1	0
chr5	746650	4331245	3	3	0
chr5	4334726	4496866	2	2	0
chr5	4497016	5812750	3	3	0
chr5	5843098	11530122	2	2	0
chr5	11614612	12760754	7	5	2
chr5	12763362	13761654	9	7	2
chr5	13761788	14533866	5	5	0
chr5	14534029	14855026	7	5	2
chr5	14861188	14910602	4	4	0
chr5	14910752	30834046	2	2	0
chr5	30883382	31188040	1	1	0
chr5	31188190	32709274	2	2	0
chr5	32709424	32710608	0	0	0
chr5	32711384	42081312	2	2	0
chr5	42082704	62884354	2	1	1
chr5	62884504	62884504	6	6	0
chr5	62884654	65634328	6	4	2
chr5	65644374	67180642	8	5	3
chr5	67180792	68732602	5	3	2
chr5	68871733	73088892	3	2	1
chr5	73196882	75268858	6	4	2
chr5	75269008	75288205	2	1	1
chr5	75300798	77420456	6	4	2
chr5	77420582	77497108	2	1	1
chr5	77506092	78455080	4	2	2
chr5	78455232	79785720	3	2	1
chr5	79788112	86358795	4	2	2
chr5	86358956	86741056	7	7	0
chr5	86743128	88735270	2	2	0
chr6	311634	320686	2	2	0
chr6	321076	2563183	4	4	0
chr6	2563336	2749133	1	1	0
chr6	2749286	11110946	4	2	2
chr6	11111098	11119944	2	2	0
chr6	11120098	14515483	4	4	0
chr6	14515638	31137588	4	2	2
chr6	31137740	31228510	3	3	0
chr6	31228672	39364946	4	2	2
chr6	39365101	39376712	1	1	0
chr6	39376862	40539710	3	2	1
chr6	40539872	44477104	4	2	2
chr6	44477254	46360484	2	2	0
chr6	46360648	57976684	4	2	2
chr6	57976834	58598694	2	2	0
chr6	58603680	72138738	4	2	2
chr6	72157090	75307262	3	3	0
chr6	75310699	77424228	4	2	2
chr6	77426620	77539234	2	2	0
chr7	26328	2927541	3	2	1
chr7	2939974	41584490	2	1	1
chr7	41584640	43283892	3	2	1
chr7	43285744	43833320	5	3	2
chr7	43927850	48673088	3	2	1
chr7	48678617	51505136	4	4	0
chr7	51518250	75186876	3	2	1
chr7	75187026	79629002	2	1	1
chr7	79706783	80962046	3	2	1
chr7	80962210	80974448	4	4	0
chr8	45054	4492806	3	2	1
chr8	4494038	4877910	6	3	3
chr8	4884968	32005481	4	2	2
chr8	32011172	32173490	2	2	0
chr8	32173643	53823746	4	2	2
chr8	53824254	54182182	2	2	0
chr8	54301152	60496362	4	4	0
chr8	60544900	60982782	7	7	0
chr8	60982932	66221870	4	2	2
chr8	66233346	67624746	2	1	1
chr8	67673693	69257516	4	2	2
chr8	69257822	69919982	6	3	3
chr8	69935342	71757374	4	2	2
chr8	71761397	72272298	3	3	0
chr8	72272448	72310838	5	3	2
chr8	72311769	74293167	3	2	1
chr9	11980	1463448	3	2	1
chr9	1467042	3075815	3	3	0
chr9	3075970	3505656	4	4	0
chr9	3506750	21417196	3	2	1
chr9	21417312	21709708	2	1	1
chr9	21709862	27782187	3	2	1
chr9	27861530	30030019	5	3	2
chr9	30036524	48390023	3	2	1
chr9	48393623	48409130	2	2	0
chr9	48409242	49386698	3	2	1
chr9	49388078	49424102	1	1	0
chr9	49428708	61042436	3	2	1
chr10	16721	16876	3	3	0
chr10	17031	701450	2	2	0
chr10	701929	5134918	3	3	0
chr10	5233528	5510838	2	2	0
chr10	5532808	8766350	3	3	0
chr10	8768372	10551633	2	2	0
chr10	10696140	12353532	4	2	2
chr10	12353649	17300896	2	1	1
chr10	17315090	17379362	5	3	2
chr10	17379821	18154078	1	1	0
chr10	18154958	23381339	3	2	1
chr10	23385916	23457135	2	2	0
chr10	23459818	23996412	3	2	1
chr10	23996570	24719822	4	2	2
chr10	24741104	27543090	6	4	2
chr10	27543242	37583076	2	1	1
chr10	37583234	45633819	2	2	0
chr10	45633974	45750162	1	1	0
chr10	45750299	52665948	2	2	0
chr10	52666102	53903804	1	1	0
chr10	53903954	57084590	2	2	0
chr10	57109967	58087559	4	4	0
chr10	58087938	65002356	2	2	0
chr10	65002508	66188354	3	2	1
chr10	66189426	67513302	5	5	0
chr10	67521334	69327992	4	2	2
chr11	115708	3647771	4	3	1
chr11	3655354	12811048	3	2	1
chr11	12852687	13077030	1	1	0
chr11	13143713	17144338	3	3	0
chr11	17171176	17311600	1	1	0
chr11	17311750	18854098	3	3	0
chr11	19526362	20350162	1	1	0
chr11	20350342	21057027	2	1	1
chr11	21059926	21118690	1	1	0
chr11	21118840	22133999	2	2	0
chr11	22134150	25467038	3	2	1
chr11	25564166	26067840	4	2	2
chr11	26067990	26140792	2	2	0
chr11	26142350	26913246	4	2	2
chr11	26927513	26981886	1	1	0
chr11	27017385	41044781	4	2	2
chr11	41051028	42047846	3	3	0
chr11	42052134	51483770	4	2	2
chr11	51569844	51683456	2	2	0
chr11	51683606	54278430	4	4	0
chr11	54328108	54483018	2	2	0
chr11	54483204	62884708	4	2	2
chr11	62884867	64028923	1	1	0
chr11	64029074	74369728	4	2	2
chr12	97582	5683942	6	4	2
chr12	5684224	5789855	3	3	0
chr12	5790396	12670838	6	4	2
chr12	12673456	12685722	3	3	0
chr12	12685872	21026888	6	4	2
chr12	21047704	21156514	3	3	0
chr12	21156664	42274698	6	4	2
chr12	42275998	42874078	3	2	1
chr12	42874228	65515050	6	4	2
chr12	65515194	65553007	3	3	0
chr12	65654664	72357498	6	4	2
chr12	72376458	72489359	7	7	0
chr13	41196	1698976	7	6	1
chr13	1738431	5764658	11	9	2
chr13	5764808	7613778	7	7	0
chr13	7614425	7958488	2	2	0
chr13	7958641	10444020	6	5	1
chr13	10447506	11530650	4	4	0
chr13	11530800	12402566	7	7	0
chr13	12402720	13580960	13	13	0
chr13	13581113	15480686	19	19	0
chr13	15480821	16601986	14	14	0
chr13	16602136	18507654	6	6	0
chr13	18507804	20312551	3	3	0
chr13	20314170	23142882	7	7	0
chr13	23182956	26319491	4	4	0
chr13	26385166	29872860	3	3	0
chr13	29911964	30999480	5	5	0
chr13	31003812	31397560	3	3	0
chr13	31398625	33876941	5	4	1
chr13	33881190	34758023	3	3	0
chr13	34778852	36160939	5	5	0
chr13	36163416	36642649	4	4	0
chr13	36643990	36801404	12	12	0
chr13	36801674	37401782	9	9	0
chr13	37401932	37403882	4	4	0
chr13	37404032	38005184	8	8	0
chr13	38005334	38808365	3	3	0
chr13	38809761	38866424	1	1	0
chr13	38867810	44944659	3	3	0
chr13	44944812	47143952	2	2	0
chr13	47144522	47496646	3	3	0
chr13	47496804	47803696	6	6	0
chr13	47803850	48214719	3	3	0
chr13	48217971	48837643	4	4	0
chr13	48858458	54324680	3	3	0
chr13	54324830	63188988	1	1	0
chr13	63189141	63230496	3	3	0
chr14	31032	604580	5	3	2
chr14	604730	628314	3	3	0
chr14	628464	3000182	5	3	2
chr14	3001005	13611080	6	4	2
chr14	13614110	13637854	3	3	0
chr14	13638004	31791057	6	4	2
chr14	31791212	32120732	3	3	0
chr14	32120882	38896218	6	4	2
chr14	38896368	39691852	8	8	0
chr14	39698892	60964196	6	4	2
chr14	60964327	60964327	3	3	0
chr15	235990	6095942	3	3	0
chr15	6102748	6113254	7	7	0
chr15	6113404	24406314	3	3	0
chr15	24406464	30145989	2	2	0
chr15	30189896	41670315	3	3	0
chr15	41670666	41853040	1	1	0
chr15	41853203	48057278	2	2	0
chr15	48057428	51090682	3	3	0
chr15	51107990	53346724	6	6	0
chr15	53352686	58177784	10	9	1
chr15	58185014	59425212	3	3	0
chr15	59425398	59733702	6	6	0
chr15	59741844	61307090	4	4	0
chr15	61307225	61862869	9	9	0
chr15	61872152	62661288	4	4	0
chr15	63540116	63941710	8	8	0
chr15	63951951	64082664	4	4	0
chr15	64082814	64158922	7	7	0
chr16	87142	87292	6	6	0
chr16	87442	303806	3	2	1
chr16	315576	1003784	1	1	0
chr16	1003936	8605522	2	1	1
chr16	8606202	10579664	2	2	0
chr16	10579814	10750838	1	1	0
chr16	10764772	45565632	2	2	0
chr16	45566338	45637184	1	1	0
chr16	45637335	56239304	2	2	0
chr16	56452788	59395924	2	1	1
chr16	59396074	59533045	3	3	0
chr17	21072	1360528	4	4	0
chr17	1361530	1870150	6	6	0
chr17	1870300	7111660	4	4	0
chr17	7111817	7352678	2	2	0
chr17	7355260	10660608	4	2	2
chr17	10737056	11091882	1	1	0
chr17	11102245	15995298	4	2	2
chr17	15995448	17814454	2	1	1
chr17	17945340	28097681	4	2	2
chr17	28100793	28857955	2	2	0
chr17	28897294	64239642	4	2	2
chr18	15640	34374	3	3	0
chr18	34524	14811028	1	1	0
chr18	14811185	26004120	2	2	0
chr18	26061412	26147850	0	0	0
chr18	26147970	40391818	2	2	0
chr18	40415084	41445595	1	1	0
chr18	41445750	55778574	2	2	0
chr18	55778724	55814650	3	3	0
chr19	12695	237716	4	4	0
chr19	237866	242526	2	2	0
chr19	242676	2014717	4	4	0
chr19	2051290	2183914	2	2	0
chr19	2184080	5510716	4	2	2
chr19	5510870	6020410	2	2	0
chr19	6020560	20845036	4	2	2
chr19	20845186	22419684	2	2	0
chr19	22419808	36690288	4	2	2
chr19	36690438	37134195	3	2	1
chr19	37192719	46584444	4	2	2
chr19	46611122	49049176	6	6	0
chr19	49049326	51161904	4	2	2
chr19	51173038	51824490	3	3	0
chr19	51824640	53732120	4	4	0
chr19	53732236	53732236	2	2	0
chr20	25920	57140281	3	3	0
chr20	57140570	58095322	2	2	0
chr21	15722	31602	2	2	0
chr21	31771	5462038	3	3	0
chr21	5462189	14412204	2	1	1
chr21	14458873	14988270	0	0	0
chr21	14988422	15626002	2	2	0
chr21	15705678	15979864	4	4	0
chr21	15982078	23967976	2	2	0
chr21	23968126	24256244	4	4	0
chr21	24272385	33473120	2	1	1
chr21	33473478	33620498	1	1	0
chr21	33631717	36552312	2	1	1
chr21	36552462	49064866	2	2	0
chr21	49065023	50456705	3	3	0
chr21	50471718	50855618	2	2	0
chr22	75033	78021	2	2	0
chr22	78172	10129470	4	2	2
chr22	10129626	13865238	2	2	0
chr22	13865388	15573704	3	2	1
chr22	15573835	52616384	4	2	2
chr22	52617198	55567314	2	2	0
chr22	55567464	57826264	4	2	2
chr22	57826414	58363388	2	1	1
chr22	58364274	60699633	4	2	2
chr22	60704770	60725966	6	6	0
chr22	60732581	61378050	4	4	0
chr23	1992	52293696	4	2	2
chr24	71316	16364954	3	2	1
chr24	16365104	20138816	4	2	2
chr24	20139466	20232649	1	1	0
chr24	20236668	29534414	4	2	2
chr24	29535644	30000712	2	2	0
chr24	30000862	36661990	4	2	2
chr24	36662140	36936372	2	2	0
chr24	36936522	39875878	4	2	2
chr24	39877206	39902165	2	2	0
chr24	39904970	42602672	4	4	0
chr24	42602826	42711882	2	2	0
chr24	42773599	45100892	4	2	2
chr24	45101042	46170505	2	1	1
chr24	46170664	47672041	4	2	2
chr25	14815	14815	3	3	0
chr25	14966	24125088	2	2	0
chr25	24125558	24662634	1	1	0
chr25	24751156	26212241	2	2	0
chr25	26212938	26336994	1	1	0
chr25	26337820	50906056	2	2	0
chr25	50911620	51027836	1	1	0
chr25	51028555	51628044	2	2	0
chr25	51628194	51628619	3	3	0
chr26	14534	25320536	4	2	2
chr26	25320717	27628478	3	2	1
chr26	27702517	28932183	4	2	2
chr26	28932334	29200580	2	1	1
chr26	29200812	38710039	4	2	2
chr26	38711403	38748822	2	2	0
chr26	38751522	38963574	4	4	0
chr27	9008	1317080	4	2	2
chr27	1322728	1409951	2	2	0
chr27	1410110	11792626	4	2	2
chr27	11793101	12220366	2	2	0
chr27	12220520	45550016	4	2	2
chr27	45594572	45856726	4	4	0
chr28	67154	4705549	4	2	2
chr28	4706542	8545272	3	2	1
chr28	8545432	14362484	2	2	0
chr28	14362634	19697660	3	3	0
chr28	19926020	25441492	2	2	0
chr28	25463986	25463986	4	4	0
chr28	25544648	26129254	4	3	1
chr28	26169562	26601320	2	2	0
chr28	26601470	29308722	4	3	1
chr28	29309183	29954188	2	2	0
chr28	29958916	32247290	3	3	0
chr28	32255301	34267734	2	2	0
chr28	34272010	40745618	4	2	2
chr28	40745768	40840062	2	2	0
chr28	40842111	41181712	3	2	1
chr29	35082	4650842	4	2	2
chr29	4650992	4774234	2	1	1
chr29	4774356	11651562	4	2	2
chr29	11651719	38321353	3	2	1
chr29	38357236	38602566	1	1	0
chr29	38602716	40014866	3	3	0
chr29	40021888	40716181	2	2	0
chr29	40716334	41815122	3	3	0
chr30	41440	411076	3	2	1
chr30	411238	12718652	4	2	2
chr30	12718804	30952506	3	2	1
chr30	31013306	31150906	1	1	0
chr30	31245732	33337187	3	2	1
chr30	33337344	33851650	4	4	0
chr30	33852753	38424595	3	2	1
chr30	38424746	38621486	2	1	1
chr30	38621636	39202714	3	2	1
chr30	39202864	39235586	5	5	0
chr30	39246078	40211866	3	2	1
chr31	8024	117829	1	1	0
chr31	117982	17425324	5	3	2
chr31	17429454	18418650	6	3	3
chr31	18418805	23895653	7	4	3
chr31	23898154	24132892	15	11	4
chr31	24134447	26572056	11	8	3
chr31	26572787	27460505	5	5	0
chr31	27460670	27684796	3	3	0
chr31	27684946	31678108	5	3	2
chr31	31678258	31773274	3	3	0
chr31	31773426	38294640	4	2	2
chr31	38296754	38387098	2	1	1
chr31	38387248	38818656	5	5	0
chr31	38820516	38858154	7	7	0
chr31	38863634	39893402	4	2	2
chr31	39893560	39893560	3	3	0
chr32	67584	38724876	2	2	0
chr33	13756	26824	3	2	1
chr33	26974	20396310	4	2	2
chr33	20396460	22076832	2	2	0
chr33	22082214	30710114	4	2	2
chr33	30715844	31360258	3	2	1
chr34	111379	1745820	4	3	1
chr34	1754468	2621452	1	1	0
chr34	2621602	9199791	3	2	1
chr34	9201653	9539154	2	2	0
chr34	9539304	11277387	3	2	1
chr34	11288696	11459433	6	4	2
chr34	11503526	12474144	8	6	2
chr34	12474294	12927902	2	2	0
chr34	12928052	13416757	5	3	2
chr34	13454228	14923101	2	2	0
chr34	14923254	17132964	3	2	1
chr34	17133832	18740789	2	2	0
chr34	18745260	19172840	5	5	0
chr34	19176474	31235548	2	2	0
chr34	31235698	31651602	3	3	0
chr34	31651752	32723038	6	4	2
chr34	32752622	32888184	2	2	0
chr34	32888339	34873324	6	4	2
chr34	34873474	35479308	8	6	2
chr34	35481759	36832794	6	4	2
chr34	36874517	36899652	3	2	1
chr34	36901244	39120234	6	4	2
chr34	39133960	42096828	8	6	2
chr34	42100370	42103540	3	2	1
chr35	56528	1561668	2	2	0
chr35	1561818	1841498	1	1	0
chr35	1841648	14312454	2	2	0
chr35	14312604	15919514	3	3	0
chr35	15919664	23690782	2	2	0
chr35	23690932	26508683	3	2	1
chr36	311666	5835328	3	3	0
chr36	5841480	13475210	5	3	2
chr36	13529581	13823608	9	9	0
chr36	13834925	17319298	5	5	0
chr36	17322292	18182126	6	6	0
chr36	18184279	20123812	10	10	0
chr36	20133922	20809876	14	9	5
chr36	20810026	22202090	5	3	2
chr36	22202246	29345610	6	3	3
chr36	29345760	30808270	7	4	3
chr37	150244	1748053	5	3	2
chr37	1748212	6752986	3	2	1
chr37	6892132	7231048	2	2	0
chr37	7231198	14387774	3	2	1
chr37	14403576	15451330	5	3	2
chr37	15451480	20849136	2	2	0
chr37	20921766	21456319	7	6	1
chr37	21690246	23575905	2	2	0
chr37	23576060	24608403	1	1	0
chr37	24612024	25075866	2	2	0
chr37	25076108	25114000	3	3	0
chr37	25114128	30884852	2	2	0
chr38	43216	43816	2	2	0
chr38	43966	1103104	3	2	1
chr38	1103254	3215252	2	1	1
chr38	3240806	3379724	4	4	0
chr38	3379874	5964813	2	2	0
chr38	5965196	6014970	0	0	0
chr38	6029228	7432513	3	3	0
chr38	7432792	12441398	2	2	0
chr38	12685694	17221024	1	1	0
chr38	17221174	17479628	0	0	0
chr38	17480527	21087624	1	1	0
chr38	21089354	21107435	2	2	0
chr38	21113294	21495750	1	1	0
chr38	21511986	22796999	2	2	0
chr38	22820936	22860102	1	1	0
chr38	22862551	23751968	0	0	0
chr38	23804164	23871764	1	1	0
