chromosome	start	end	total_cn	major_cn	minor_cn
chr1	252179	1399056	2	1	1
chr1	1399224	2729410	3	2	1
chr1	2729569	28183252	2	1	1
chr1	28191136	28229618	1	1	0
chr1	28229768	55210474	2	1	1
chr1	55210624	55395375	1	1	0
chr1	55395532	58968696	2	1	1
chr1	58968824	60598572	1	1	0
chr1	60598722	119574676	2	1	1
chr1	119574831	119896580	1	1	0
chr1	119946973	122655590	2	1	1
chr2	22644	1030642	2	1	1
chr2	1030763	1321032	4	2	2
chr2	1321187	12229128	2	1	1
chr2	12229296	12609499	3	3	0
chr2	12609669	14591308	2	2	0
chr2	14630374	18244372	1	1	0
chr2	18247286	27645588	2	1	1
chr2	27645738	55475414	1	1	0
chr2	55475569	55670631	2	2	0
chr2	55670794	74184678	1	1	0
chr2	74190646	78192283	2	1	1
chr2	78197212	79536104	3	2	1
chr2	79542486	79636826	2	2	0
chr2	79636976	83295532	4	3	1
chr2	83295958	84944506	3	2	1
chr2	84946296	85386480	3	3	0
chr2	85389044	85417108	2	2	0
chr3	8314	91842194	2	1	1
chr3	91845822	91887855	1	1	0
chr4	16163	2757571	1	1	0
chr4	2777937	5119040	2	2	0
chr4	5124015	5245858	3	2	1
chr4	5246606	7919104	2	2	0
chr4	7919254	10153684	3	2	1
chr4	10153843	14974580	2	1	1
chr4	14980766	15647390	1	1	0
chr4	15649060	18628288	2	1	1
chr4	18628438	18851268	4	4	0
chr4	18894927	19465910	2	1	1
chr4	19478770	20314188	3	2	1
chr4	20321484	20354214	2	1	1
chr4	20359481	68676294	1	1	0
chr4	68890802	69785458	3	3	0
chr4	69830345	69924779	2	2	0
chr4	69936428	70268756	3	3	0
chr4	70322126	70989471	2	2	0
chr4	70989633	71212526	1	1	0
chr4	71212676	71688210	2	2	0
chr4	71688374	78605986	1	1	0
chr4	78606145	88272406	2	1	1
chr5	22388	4458750	2	1	1
chr5	4459439	30066426	1	1	0
chr5	30066578	30136606	2	2	0
chr5	30136761	43343405	1	1	0
chr5	43347383	43441204	0	0	0
chr5	43446409	52991629	1	1	0
chr5	53004442	53922864	2	2	0
chr5	53923014	64336944	1	1	0
chr5	64337094	64431918	3	3	0
chr5	64432068	73574176	1	1	0
chr5	73574326	88735270	2	1	1
chr6	311634	3591569	2	1	1
chr6	3875380	4795826	1	1	0
chr6	4795976	64649366	2	1	1
chr6	64695994	65598131	3	3	0
chr6	65598286	74883672	2	1	1
chr6	74884368	75317057	1	1	0
chr6	75324846	77393624	2	1	1
chr6	77395153	77539234	3	3	0
chr7	26328	1480372	2	1	1
chr7	1480522	1535466	3	3	0
chr7	1535616	7049018	2	1	1
chr7	7049173	8051647	3	3	0
chr7	8071836	65263876	2	1	1
chr7	65273620	66179840	1	1	0
chr7	66183599	80948182	2	1	1
chr7	80948337	80952936	5	3	2
chr7	80953086	80974448	2	2	0
chr8	45054	27757728	2	1	1
chr8	27757878	27916230	1	1	0
chr8	27916380	54807882	2	1	1
chr8	54808305	55538590	1	1	0
chr8	55538740	65821562	2	1	1
chr8	65822902	67469146	1	1	0
chr8	67501782	74293167	2	1	1
chr9	11980	4988540	2	1	1
chr9	4996728	5245984	1	1	0
chr9	5246196	6520742	2	1	1
chr9	6563392	7879504	1	1	0
chr9	7879658	8965744	2	2	0
chr9	8966262	11151508	3	3	0
chr9	11202674	11808036	5	5	0
chr9	11808605	12266510	3	3	0
chr9	12270064	12824326	2	2	0
chr9	12825984	14082632	4	4	0
chr9	14083485	15421192	6	4	2
chr9	15421408	17278126	4	3	1
chr9	17337708	17995470	3	2	1
chr9	17995622	18005318	6	6	0
chr9	18006635	18575398	4	2	2
chr9	18575548	19413650	8	8	0
chr9	19414836	27863612	2	1	1
chr9	28188114	29224878	3	3	0
chr9	29225032	61042436	2	1	1
chr10	16721	43495292	2	1	1
chr10	43500878	43557006	1	1	0
chr10	43562570	69327876	2	1	1
chr10	69327992	69327992	1	1	0
chr11	115708	5270822	1	1	0
chr11	5270972	5344440	2	2	0
chr11	5344590	9100640	1	1	0
chr11	9100790	10744306	0	0	0
chr11	10744459	18621156	1	1	0
chr11	18621306	18853940	0	0	0
chr11	18854098	19672576	1	1	0
chr11	19672727	41036618	2	2	0
chr11	41036743	41036743	1	1	0
chr11	41044781	41264422	0	0	0
chr11	41433063	42060880	1	1	0
chr11	42061035	45083908	0	0	0
chr11	45102284	62885185	1	1	0
chr11	62885346	63901178	2	2	0
chr11	63995014	74369728	1	1	0
chr12	97582	5344018	3	2	1
chr12	5344168	5377832	5	5	0
chr12	5377993	72488742	3	2	1
chr12	72488896	72489359	2	2	0
chr13	41196	35957787	2	1	1
chr13	35965894	41153777	2	2	0
chr13	41163221	41183546	1	1	0
chr13	41183696	63230496	2	1	1
chr14	31032	6718626	2	1	1
chr14	6718779	8880860	1	1	0
chr14	8883176	8994250	2	2	0
chr14	9138906	12008005	1	1	0
chr14	12134164	15971279	3	2	1
chr14	15996612	16293811	1	1	0
chr14	16419238	19125106	2	1	1
chr14	19399814	20412743	1	1	0
chr14	20421003	23177228	2	1	1
chr14	23177378	23609799	3	3	0
chr14	23628974	25647540	2	2	0
chr14	25706892	25914206	2	1	1
chr14	25915692	59443046	1	1	0
chr14	59447230	59587492	0	0	0
chr14	59587648	60964327	1	1	0
chr15	235990	235990	1	1	0
chr15	236146	30592597	2	1	1
chr15	30598312	31463448	1	1	0
chr15	31465595	64141230	2	1	1
chr15	64149766	64158922	1	1	0
chr16	87142	10597633	1	1	0
chr16	10609422	10683460	2	2	0
chr16	10683598	59385073	1	1	0
chr16	59393570	59533045	0	0	0
chr17	21072	24732	1	1	0
chr17	24882	874214	2	1	1
chr17	875082	922771	1	1	0
chr17	923151	1602568	2	2	0
chr17	1603236	1870150	3	3	0
chr17	1870300	13868692	2	1	1
chr17	13870819	14165164	1	1	0
chr17	14165314	15439518	2	2	0
chr17	15439658	15490726	3	3	0
chr17	15490850	16760446	2	2	0
chr17	16767066	50650568	2	1	1
chr17	50650718	51011272	3	3	0
chr17	51011406	59328711	2	1	1
chr17	59331646	59408581	2	2	0
chr17	59409403	64239642	2	1	1
chr18	15640	17140	2	2	0
chr18	17290	55814650	1	1	0
chr19	12695	19855078	1	1	0
chr19	19856238	20059832	2	2	0
chr19	20059982	53732236	1	1	0
chr20	25920	43234792	1	1	0
chr20	43234954	47356101	2	1	1
chr20	47408030	47616062	1	1	0
chr20	47633680	48356137	2	1	1
chr20	48359500	52264104	1	1	0
chr20	52265964	53640726	2	1	1
chr20	53641862	54738626	3	2	1
chr20	54746029	58095322	2	1	1
chr21	15722	16152	2	2	0
chr21	31602	50855618	1	1	0
chr22	75033	10213196	1	1	0
chr22	10327049	13865088	2	2	0
chr22	13865238	61378050	1	1	0
chr23	1992	1992	1	1	0
chr23	2142	34818816	2	1	1
chr23	34822070	35206060	4	4	0
chr23	35206210	52293696	2	1	1
chr24	71316	47672041	2	1	1
chr25	14815	15341970	2	1	1
chr25	15380368	16633369	3	3	0
chr25	16633541	51628619	2	1	1
chr26	14534	9448138	2	1	1
chr26	9448294	11707900	3	2	1
chr26	11708056	12627170	5	5	0
chr26	12629000	13281742	3	3	0
chr26	13281892	13726256	4	4	0
chr26	13736244	18627354	3	2	1
chr26	18627510	37486858	2	1	1
chr26	37487008	37601138	1	1	0
chr26	37626231	37912990	2	1	1
chr26	37913120	38054134	1	1	0
chr26	38054282	38666221	2	1	1
chr26	38666442	38961706	4	4	0
chr26	38963178	38963574	2	2	0
chr27	9008	1317080	2	1	1
chr27	1322728	1434686	3	2	1
chr27	1434836	8208218	2	1	1
chr27	8208368	8351162	1	1	0
chr27	8353908	45856434	2	1	1
chr27	45856584	45856726	1	1	0
chr28	67154	2580512	1	1	0
chr28	2705572	3103819	2	2	0
chr28	3106014	8080894	1	1	0
chr28	8086189	9467716	2	1	1
chr28	9469828	18527716	1	1	0
chr28	18527864	24157416	2	1	1
chr28	24162332	24430712	3	3	0
chr28	24430862	39638576	2	1	1
chr28	39638726	39645018	5	5	0
chr28	39645168	39772326	16	16	0
chr28	39772476	39811536	7	7	0
chr28	39811686	41181712	2	1	1
chr29	35082	41814954	2	1	1
chr29	41815122	41815122	1	1	0
chr30	41440	13303167	1	1	0
chr30	13479348	14409418	2	2	0
chr30	14409794	16043442	2	1	1
chr30	16046356	17735046	3	2	1
chr30	17735196	19774742	2	1	1
chr30	19800672	23379638	1	1	0
chr30	23379788	25359794	2	1	1
chr30	25384252	29521046	1	1	0
chr30	29522792	32635841	3	2	1
chr30	32678499	40211866	1	1	0
chr31	8024	14722680	2	1	1
chr31	14725908	16743969	3	3	0
chr31	16746299	33515226	2	1	1
chr31	33569749	33923527	3	2	1
chr31	33925797	34057906	1	1	0
chr31	34058056	39892627	2	1	1
chr31	39892782	39893560	1	1	0
chr32	67584	15625214	1	1	0
chr32	15781598	16528060	3	3	0
chr32	16549224	17092032	1	1	0
chr32	17105682	17500386	3	2	1
chr32	17502078	18513249	2	1	1
chr32	18540027	22481278	1	1	0
chr32	22481428	25171004	2	1	1
chr32	25171165	27646916	1	1	0
chr32	27713028	28137410	2	2	0
chr32	28150992	38724876	1	1	0
chr33	13756	1082536	3	3	0
chr33	1089348	1726920	2	2	0
chr33	1727070	20395710	3	2	1
chr33	20395860	22076030	5	5	0
chr33	22076190	31359962	3	2	1
chr33	31360112	31360258	2	2	0
chr34	111379	8408679	2	1	1
chr34	8553338	10927642	3	2	1
chr34	10928700	40096062	2	1	1
chr34	40096212	41334546	1	1	0
chr34	41334700	42100838	2	1	1
chr34	42100994	42103540	1	1	0
chr35	56528	13595564	1	1	0
chr35	13599096	14089808	2	2	0
chr35	14102021	14671752	1	1	0
chr35	14688336	14789369	0	0	0
chr35	14798595	26508683	1	1	0
chr36	311666	318394	1	1	0
chr36	318544	1346490	3	3	0
chr36	1347242	2586240	2	2	0
chr36	2586390	3158337	6	4	2
chr36	3161826	5790466	3	2	1
chr36	5793296	12762761	2	1	1
chr36	12867268	13964610	3	3	0
chr36	13966136	15481950	2	1	1
chr36	15483117	17826138	3	2	1
chr36	17827634	19131402	4	3	1
chr36	19132230	20810026	3	2	1
chr36	20810176	21764726	2	1	1
chr36	21767929	22073950	3	2	1
chr36	22075014	22417726	1	1	0
chr36	22492126	22922238	3	3	0
chr36	22945575	30209640	1	1	0
chr36	30222681	30691560	3	3	0
chr36	30720762	30808270	2	2	0
chr37	150244	12733260	2	1	1
chr37	12733397	13006528	5	3	2
chr37	13008256	23596186	2	1	1
chr37	23596338	24586759	3	3	0
chr37	24587253	30884852	2	1	1
chr38	43216	43966	2	2	0
chr38	44116	3006364	1	1	0
chr38	3006514	3997104	2	2	0
chr38	3999412	6585893	1	1	0
chr38	6696560	10646484	2	2	0
chr38	10663326	19775577	1	1	0
chr38	19778842	23730968	2	1	1
chr38	23751234	23871764	1	1	0
