chromosome	start	end	major_cn	minor_cn	total_cn
chr1	252179	801680	2	2	0
chr1	801834	900135	4	4	0
chr1	901422	1134102	2	1	1
chr1	1134258	1421024	3	3	0
chr1	1421174	2729410	1	1	0
chr1	2729569	5350608	2	1	1
chr1	5350770	6114292	1	1	0
chr1	6114432	14986304	2	1	1
chr1	15058626	15193850	6	6	0
chr1	15199204	16475020	2	2	0
chr1	16480791	16812383	6	6	0
chr1	16817756	17021327	2	1	1
chr1	17023464	17445772	3	3	0
chr1	17446282	18277470	2	1	1
chr1	18277644	18321060	8	8	0
chr1	18322742	19183202	3	2	1
chr1	19185680	24984184	2	1	1
chr1	24984308	25603591	3	2	1
chr1	25607136	28198086	2	1	1
chr1	28198314	28263167	1	1	0
chr1	28263320	31682585	2	1	1
chr1	31683524	32539772	1	1	0
chr1	32539922	40682827	2	1	1
chr1	40682978	40711244	5	5	0
chr1	40753249	42084602	2	1	1
chr1	42107388	42399627	3	2	1
chr1	42402710	49231876	2	1	1
chr1	49232000	50767294	3	2	1
chr1	50856700	51202238	5	5	0
chr1	51202388	55086831	2	1	1
chr1	55086996	55393923	1	1	0
chr1	55395375	55595738	2	1	1
chr1	55595866	56703016	3	2	1
chr1	56705412	57857534	2	1	1
chr1	57866954	58588078	3	3	0
chr1	58588228	58968546	2	1	1
chr1	58968696	59109558	1	1	0
chr1	59110058	68201132	2	1	1
chr1	68220676	68375672	6	6	0
chr1	68375822	68695024	2	2	0
chr1	68695737	68756050	5	5	0
chr1	68766484	68955928	3	3	0
chr1	68956078	69131808	5	5	0
chr1	69135307	72009324	2	1	1
chr1	72099956	73197112	3	3	0
chr1	73197262	77380894	2	2	0
chr1	77383661	77552366	6	6	0
chr1	77552516	89745107	2	1	1
chr1	89771772	89812082	6	3	3
chr1	89812246	95953093	2	1	1
chr1	95955198	96153902	6	6	0
chr1	96231026	96632274	2	2	0
chr1	96632424	96842191	5	5	0
chr1	96850196	97114222	3	2	1
chr1	97114372	97356200	1	1	0
chr1	97356350	97741755	3	3	0
chr1	97741926	97931966	1	1	0
chr1	97944400	98462676	2	1	1
chr1	98462826	98625662	3	3	0
chr1	98626280	100403272	2	1	1
chr1	100403422	100478506	1	1	0
chr1	100478656	100643756	2	2	0
chr1	100643906	100742848	1	1	0
chr1	100742998	102102068	2	1	1
chr1	102116102	102178316	3	3	0
chr1	102179005	102785297	2	1	1
chr1	102785682	102845186	1	1	0
chr1	102845336	103714674	2	1	1
chr1	103715968	104193070	1	1	0
chr1	104193688	104773622	2	1	1
chr1	104773774	104782352	5	5	0
chr1	104785610	106028819	2	1	1
chr1	106028972	106282483	3	2	1
chr1	106283794	109734582	2	1	1
chr1	109734732	109739130	8	8	0
chr1	109739280	110817006	3	2	1
chr1	110819375	111315090	2	1	1
chr1	111318450	111511079	3	3	0
chr1	111511770	116548088	2	1	1
chr1	116548304	116774793	3	2	1
chr1	116775028	117887586	2	1	1
chr1	117887743	119287655	3	2	1
chr1	119289936	120093124	2	1	1
chr1	120093278	120455028	3	3	0
chr1	120455180	120964880	1	1	0
chr1	120965034	121813908	2	2	0
chr1	121815410	121861116	4	4	0
chr1	121861280	122655590	2	2	0
chr2	22644	1121855	2	1	1
chr2	1122552	1361668	4	4	0
chr2	1361818	4741122	2	1	1
chr2	4748840	4820874	7	7	0
chr2	4874866	16087622	2	1	1
chr2	16087785	16456357	3	3	0
chr2	16461254	24550658	2	1	1
chr2	24552218	24601208	5	3	2
chr2	24607639	25520110	2	2	0
chr2	26195567	28111237	4	4	0
chr2	28111388	30699556	2	1	1
chr2	30701036	31654421	6	3	3
chr2	31657456	31945322	1	1	0
chr2	31945472	32221223	3	2	1
chr2	32221609	32225378	1	1	0
chr2	32226326	34570456	3	2	1
chr2	34623521	55471896	2	1	1
chr2	55475104	55533922	4	4	0
chr2	55552200	56092992	2	1	1
chr2	56093148	56338702	1	1	0
chr2	56341942	56664807	2	2	0
chr2	56671977	57002126	1	1	0
chr2	57002288	57228134	3	3	0
chr2	57239956	57763752	2	2	0
chr2	57763906	58812210	3	2	1
chr2	58812536	60980470	2	1	1
chr2	60987010	61504022	4	4	0
chr2	61555567	62485488	2	1	1
chr2	62485638	63212512	1	1	0
chr2	63212662	63717168	4	2	2
chr2	63717288	64244626	7	7	0
chr2	64254006	70212706	2	1	1
chr2	70214096	71286113	1	1	0
chr2	71286504	71776078	3	2	1
chr2	71786692	79526591	2	1	1
chr2	79529550	79610854	1	1	0
chr2	79611004	79738430	3	2	1
chr2	79738585	79817757	2	2	0
chr2	79824634	80112098	4	2	2
chr2	80112250	81038376	2	1	1
chr2	81038526	81116231	5	5	0
chr2	81117340	81688074	3	2	1
chr2	81688224	84562576	2	1	1
chr2	84563048	84721612	3	3	0
chr2	84721766	84805910	1	1	0
chr2	84806060	84993371	2	2	0
chr2	84994898	85093566	5	5	0
chr2	85093716	85371794	3	3	0
chr2	85371944	85417108	2	2	0
chr3	8314	4064992	2	2	0
chr3	4083310	5239442	6	6	0
chr3	5333540	6389932	3	3	0
chr3	6390118	15719525	2	1	1
chr3	15722030	16159814	3	3	0
chr3	16159964	17349962	1	1	0
chr3	17361211	20795488	2	1	1
chr3	20795638	21048190	7	7	0
chr3	21048336	21175928	2	2	0
chr3	21176328	22205394	4	4	0
chr3	22205544	24890904	2	1	1
chr3	24891932	25475494	3	2	1
chr3	25484718	25692844	7	7	0
chr3	25704922	27646148	2	1	1
chr3	27646298	27686752	6	6	0
chr3	27686902	44576782	2	1	1
chr3	44577208	46184330	2	2	0
chr3	46184442	47088610	4	4	0
chr3	47088762	47545012	2	2	0
chr3	47545162	48005227	3	3	0
chr3	48169263	48530106	5	5	0
chr3	48530232	52011187	2	1	1
chr3	52014055	52017226	1	1	0
chr3	52017377	53279130	2	1	1
chr3	53292478	53295088	1	1	0
chr3	53295242	55911600	2	1	1
chr3	55911748	56196125	4	4	0
chr3	56196344	58287874	2	1	1
chr3	58288024	58291624	1	1	0
chr3	58291774	58807149	2	1	1
chr3	58822564	58850966	9	9	0
chr3	58851116	62302083	2	1	1
chr3	62303838	62310538	1	1	0
chr3	62310688	63026951	2	1	1
chr3	63027102	64006738	3	2	1
chr3	64006888	64647342	2	1	1
chr3	64647494	64684602	8	8	0
chr3	64692784	66997114	2	1	1
chr3	66998680	68417120	3	3	0
chr3	68417280	80389056	2	1	1
chr3	80389206	83338388	1	1	0
chr3	83338538	84127179	2	1	1
chr3	84146576	84467378	1	1	0
chr3	84467512	85650357	2	1	1
chr3	85650966	86188066	4	4	0
chr3	86188668	87433868	2	2	0
chr3	87434020	87763219	5	5	0
chr3	87763370	89636534	2	2	0
chr3	89636684	90688886	4	4	0
chr3	90689036	91470156	1	1	0
chr3	91474188	91738962	2	2	0
chr3	91739549	91887855	2	1	1
chr4	16163	5200062	2	2	0
chr4	5202655	5245552	8	8	0
chr4	5245704	5454376	2	2	0
chr4	5460920	6163444	3	3	0
chr4	6163594	9929160	2	2	0
chr4	9934728	10294154	1	1	0
chr4	10294294	13009058	2	2	0
chr4	13009558	13411463	5	5	0
chr4	13464336	14540836	2	2	0
chr4	14541641	14974580	3	2	1
chr4	14980766	20606867	2	2	0
chr4	20607190	20855504	5	5	0
chr4	20901228	23546906	3	3	0
chr4	23550625	24334092	2	2	0
chr4	24334242	24445602	7	7	0
chr4	24473281	28094650	2	1	1
chr4	28094803	28200908	1	1	0
chr4	28201022	28713914	3	3	0
chr4	28854970	30130804	2	1	1
chr4	30132726	30683214	6	6	0
chr4	30970768	32443616	2	1	1
chr4	32444766	32476358	3	2	1
chr4	32477462	32730494	2	1	1
chr4	32738027	33517136	1	1	0
chr4	33517286	34763156	2	1	1
chr4	34763699	34784000	4	4	0
chr4	34784150	38002952	2	1	1
chr4	38003088	38493432	4	4	0
chr4	38493584	43555265	2	1	1
chr4	43576354	43592352	6	6	0
chr4	43594284	55228466	2	1	1
chr4	55228617	55231706	7	7	0
chr4	55231856	62443248	2	1	1
chr4	62443398	62509652	4	4	0
chr4	62624366	63640420	2	2	0
chr4	63640592	64092158	4	2	2
chr4	64092308	66869718	2	1	1
chr4	66869845	66957508	4	4	0
chr4	66958941	68665228	2	1	1
chr4	68674806	69627120	4	4	0
chr4	69628396	73815662	2	1	1
chr4	73818428	75122986	3	2	1
chr4	75146396	86210920	2	1	1
chr4	86219656	86792178	3	2	1
chr4	86794572	87266194	2	1	1
chr4	87274272	88262304	4	4	0
chr4	88262460	88272406	2	2	0
chr5	22388	576801	1	1	0
chr5	580630	1362212	2	1	1
chr5	1371254	2175158	7	7	0
chr5	2446105	5686147	3	2	1
chr5	5686298	5709316	5	5	0
chr5	5740256	8212573	3	2	1
chr5	8212746	13771885	2	1	1
chr5	13772036	14533866	3	3	0
chr5	14534029	17039919	2	1	1
chr5	17040074	17865416	1	1	0
chr5	17964652	21734800	2	1	1
chr5	21735794	22154473	4	4	0
chr5	22229017	27236432	2	1	1
chr5	27236582	27966768	3	2	1
chr5	27976718	30833718	2	1	1
chr5	30834046	30959948	5	5	0
chr5	30960852	31267615	3	3	0
chr5	31270056	32340877	2	1	1
chr5	32341032	32342276	5	5	0
chr5	32345776	33436856	2	1	1
chr5	33439400	34185818	3	2	1
chr5	34185968	34205544	5	5	0
chr5	34224774	37003248	2	1	1
chr5	37023678	37400356	4	4	0
chr5	37400511	38063133	2	1	1
chr5	38063284	38887550	4	2	2
chr5	38891451	42860370	2	1	1
chr5	42860520	42967918	1	1	0
chr5	43095026	48858666	2	1	1
chr5	48862766	49553586	5	5	0
chr5	49553736	54525545	2	1	1
chr5	54528506	54618706	4	4	0
chr5	54618856	55369942	2	2	0
chr5	55376628	55680741	3	3	0
chr5	55680894	57505642	2	1	1
chr5	57505792	58041221	2	2	0
chr5	58042242	64350342	2	1	1
chr5	64386248	64518614	4	2	2
chr5	64518764	64934855	2	1	1
chr5	64977552	65497635	3	2	1
chr5	65497790	65634328	5	3	2
chr5	65644374	67024330	2	1	1
chr5	67035594	67465810	4	4	0
chr5	67466840	78609796	2	1	1
chr5	78609953	79788112	4	4	0
chr5	79789022	85768862	2	1	1
chr5	85769012	86506764	1	1	0
chr5	86547038	86741056	3	2	1
chr5	86743128	88506208	8	8	0
chr5	88506359	88735270	3	3	0
chr6	311634	4704080	2	1	1
chr6	4704626	5597574	3	3	0
chr6	5597729	5605918	1	1	0
chr6	5606056	8333310	2	1	1
chr6	8333452	8375063	1	1	0
chr6	8375224	12246689	2	1	1
chr6	12247690	12671140	3	2	1
chr6	12671663	12886488	2	1	1
chr6	12930720	13134892	6	6	0
chr6	13135042	14646572	2	1	1
chr6	14646722	14671916	1	1	0
chr6	14672066	15186238	2	2	0
chr6	15235658	15403359	4	4	0
chr6	15403964	15634968	2	1	1
chr6	15635118	15673785	4	4	0
chr6	15726120	18112300	2	1	1
chr6	18114334	18160614	5	5	0
chr6	18162420	25027259	2	1	1
chr6	25069423	25249961	5	5	0
chr6	25288862	27989304	2	1	1
chr6	28012440	28016336	6	6	0
chr6	28020788	38711552	2	1	1
chr6	38712064	38722572	1	1	0
chr6	38722982	40012446	2	1	1
chr6	40012596	40021852	1	1	0
chr6	40022002	43211147	2	1	1
chr6	43255970	43374709	8	8	0
chr6	43380836	52946698	2	1	1
chr6	52948601	53116700	5	5	0
chr6	53117600	57974358	2	1	1
chr6	57976234	58598508	7	7	0
chr6	58598694	59685900	2	2	0
chr6	59686050	60996769	3	3	0
chr6	61015346	67325484	2	2	0
chr6	67326828	68147360	4	4	0
chr6	68147949	72520936	2	2	0
chr6	72581972	74153349	5	5	0
chr6	74164232	75964108	2	1	1
chr6	76068490	76070117	1	1	0
chr6	76080347	77539234	2	1	1
chr7	26328	1487196	2	1	1
chr7	1487794	1535616	5	5	0
chr7	1535758	1573794	3	2	1
chr7	1573944	1600318	1	1	0
chr7	1601310	1957769	2	1	1
chr7	1958174	2009202	6	6	0
chr7	2009352	2226718	3	2	1
chr7	2226870	4211882	2	1	1
chr7	4213106	4947484	3	2	1
chr7	4947640	8051647	2	1	1
chr7	8071836	8194540	1	1	0
chr7	8194692	11796092	2	1	1
chr7	11804110	12302567	1	1	0
chr7	12302723	14112588	2	2	0
chr7	14112738	14296932	5	5	0
chr7	14309496	15501032	3	3	0
chr7	15501165	15987336	2	2	0
chr7	15988670	17986260	2	1	1
chr7	17990964	18984814	2	2	0
chr7	18988284	22917718	2	1	1
chr7	22933351	22982933	5	5	0
chr7	23002608	25020024	3	3	0
chr7	25052113	27174844	2	1	1
chr7	27189704	27198128	6	6	0
chr7	27242957	33520030	2	1	1
chr7	33520180	34001675	4	2	2
chr7	34098406	35674626	2	1	1
chr7	35687962	35836230	1	1	0
chr7	35836754	40714130	2	1	1
chr7	40715794	40965094	1	1	0
chr7	40965916	43833320	2	1	1
chr7	43927850	44253558	5	5	0
chr7	44253700	44845889	2	1	1
chr7	44847820	45000520	4	4	0
chr7	45000670	47873550	2	1	1
chr7	48063768	52346606	2	2	0
chr7	52346756	53001392	4	4	0
chr7	53001518	61804479	2	1	1
chr7	61804636	63392224	3	2	1
chr7	63395028	71682802	2	1	1
chr7	71682952	72701097	2	2	0
chr7	72701250	72810526	5	5	0
chr7	72810676	73055206	9	9	0
chr7	73149974	73359156	2	2	0
chr7	73359594	74596713	3	3	0
chr7	74608692	76761486	2	1	1
chr7	76836106	77050903	5	5	0
chr7	77064948	79005740	2	1	1
chr7	79005918	79207975	1	1	0
chr7	79209746	80938640	2	2	0
chr7	80948027	80974448	1	1	0
chr8	45054	4494038	2	1	1
chr8	4494188	4508920	1	1	0
chr8	4509558	29283572	2	1	1
chr8	29284782	29664182	4	4	0
chr8	29664332	31474086	2	1	1
chr8	31474236	32011472	5	5	0
chr8	32011622	44151334	2	1	1
chr8	44152130	44154877	1	1	0
chr8	44216782	53800834	2	1	1
chr8	53817656	55539640	1	1	0
chr8	55539790	63705406	2	1	1
chr8	63705838	63972818	4	4	0
chr8	63974698	65829592	2	1	1
chr8	65842044	67700000	3	3	0
chr8	67700185	67930097	2	2	0
chr8	67930252	68029756	4	4	0
chr8	68041382	69621582	2	1	1
chr8	69621748	69860264	1	1	0
chr8	69874709	70873326	2	2	0
chr8	70915596	70935924	7	7	0
chr8	70937624	71694081	2	1	1
chr8	71694510	72181816	3	2	1
chr8	72188106	72264900	6	6	0
chr8	72267968	72794528	2	1	1
chr8	72794678	72815152	4	4	0
chr8	72815302	74293167	2	1	1
chr9	11980	615702	2	1	1
chr9	615852	696724	3	2	1
chr9	697536	725796	2	1	1
chr9	769980	825445	4	4	0
chr9	828484	1612634	2	1	1
chr9	1612784	1619338	1	1	0
chr9	1619488	1805803	2	1	1
chr9	1805954	1839780	4	4	0
chr9	1839932	2584510	2	1	1
chr9	2585032	2636818	1	1	0
chr9	2636932	5461600	2	1	1
chr9	5461750	5532698	3	2	1
chr9	5532856	5874862	2	1	1
chr9	5875014	5889560	5	5	0
chr9	5889714	7483044	2	1	1
chr9	7498333	8171456	1	1	0
chr9	8171612	9704066	2	1	1
chr9	9704218	9803210	4	4	0
chr9	9803360	10167430	2	2	0
chr9	10167562	10275545	3	3	0
chr9	10277908	10330428	2	2	0
chr9	10330683	10351119	8	8	0
chr9	10370018	15766723	2	1	1
chr9	15767912	15840784	1	1	0
chr9	15840929	18810048	2	1	1
chr9	18813804	18996531	5	5	0
chr9	19020522	22236654	2	1	1
chr9	22236806	22254882	7	7	0
chr9	22255036	22436734	2	2	0
chr9	22436884	22461960	1	1	0
chr9	22462130	25617973	2	1	1
chr9	25618772	25623236	4	4	0
chr9	25665046	31370528	2	2	0
chr9	31386068	31667498	5	5	0
chr9	31675034	38365394	2	1	1
chr9	38365545	38672692	1	1	0
chr9	38672843	41778862	2	1	1
chr9	41779012	41877097	4	4	0
chr9	41878070	48389364	2	1	1
chr9	48389502	48423228	4	4	0
chr9	48426382	48809202	2	1	1
chr9	48809354	48831904	1	1	0
chr9	48832452	51978276	2	1	1
chr9	51978434	52299232	4	2	2
chr9	52308512	56442478	2	1	1
chr9	56442632	56546950	1	1	0
chr9	56547071	58674232	2	1	1
chr9	58698742	58889196	5	5	0
chr9	58919333	60980607	2	1	1
chr9	60980762	61042436	1	1	0
chr10	16721	46372	1	1	0
chr10	47350	6266418	2	1	1
chr10	6268784	6474793	5	5	0
chr10	6474958	13527038	2	1	1
chr10	13527178	13747348	5	5	0
chr10	13760248	17395576	2	1	1
chr10	17395726	18119852	3	3	0
chr10	18154078	18295998	1	1	0
chr10	18296148	21810766	2	1	1
chr10	21810916	21953387	1	1	0
chr10	21974256	23381339	2	1	1
chr10	23385916	23459818	3	3	0
chr10	23461496	38470992	2	1	1
chr10	38471147	38524818	4	4	0
chr10	38526008	38819350	1	1	0
chr10	38819500	40518082	2	2	0
chr10	40521546	45550800	2	1	1
chr10	45551386	45581640	1	1	0
chr10	45581798	45750990	4	4	0
chr10	45751164	50771071	2	2	0
chr10	50771224	57247742	2	1	1
chr10	57248441	59269464	3	3	0
chr10	59269603	67324792	2	1	1
chr10	67324942	67340678	1	1	0
chr10	67340828	67378646	4	4	0
chr10	67378801	68018814	2	2	0
chr10	68018964	68061022	1	1	0
chr10	68073122	68241588	2	1	1
chr10	68243222	68449511	4	4	0
chr10	68454978	69029838	2	1	1
chr10	69037927	69058392	1	1	0
chr10	69058519	69293586	3	2	1
chr10	69293736	69327992	1	1	0
chr11	115708	341192	2	2	0
chr11	341346	793648	3	3	0
chr11	793798	1028462	2	2	0
chr11	1028722	1213680	3	3	0
chr11	1216244	1390178	1	1	0
chr11	1391351	2741452	2	1	1
chr11	2742312	2865173	4	4	0
chr11	2865330	2964450	1	1	0
chr11	2965332	9514476	2	1	1
chr11	9517170	10941108	3	2	1
chr11	10941754	13044490	2	1	1
chr11	13044620	13188348	1	1	0
chr11	13188502	23054978	2	1	1
chr11	23055128	23377476	4	2	2
chr11	23377626	25565495	3	2	1
chr11	25566770	30794310	2	1	1
chr11	30794460	32228318	1	1	0
chr11	32228468	36342338	3	2	1
chr11	36342964	36444316	1	1	0
chr11	36485228	37491814	2	1	1
chr11	37491970	39034224	3	2	1
chr11	39037394	51227594	2	1	1
chr11	51227766	51245146	4	4	0
chr11	51256862	57459942	2	1	1
chr11	57460092	57558396	3	3	0
chr11	57807150	61639212	2	1	1
chr11	61933621	62455124	4	4	0
chr11	62455250	62869432	2	1	1
chr11	62870237	63900764	4	2	2
chr11	63900914	69135582	2	1	1
chr11	69136936	69138186	5	5	0
chr11	69140934	69315282	1	1	0
chr11	69380728	71360820	3	2	1
chr11	71364416	73020185	2	1	1
chr11	73020351	73237660	1	1	0
chr11	73237820	74369728	2	1	1
chr12	97582	2961270	2	1	1
chr12	2980690	3047688	3	2	1
chr12	3047838	5729498	2	1	1
chr12	5729653	5790830	4	4	0
chr12	5793144	5811878	2	1	1
chr12	5812028	5917310	4	2	2
chr12	5917475	12808802	2	1	1
chr12	12821692	13073544	1	1	0
chr12	13073694	16094468	2	1	1
chr12	16094618	16754570	4	4	0
chr12	16856242	21026888	2	1	1
chr12	21047704	21135816	7	7	0
chr12	21135966	33757930	2	1	1
chr12	33783926	35227429	3	3	0
chr12	35257644	40015694	2	1	1
chr12	40031436	40847196	1	1	0
chr12	40847352	41162437	2	1	1
chr12	41222569	42639484	4	4	0
chr12	42639634	52613816	2	1	1
chr12	52614614	54888634	1	1	0
chr12	54888815	56615701	2	1	1
chr12	56621455	57139572	1	1	0
chr12	57151274	62876210	2	1	1
chr12	62876360	63473888	4	4	0
chr12	63480644	69468084	2	1	1
chr12	69468234	70050368	1	1	0
chr12	70053372	72023419	2	1	1
chr12	72056672	72159814	1	1	0
chr12	72170592	72489359	2	2	0
chr13	41196	16769850	2	1	1
chr13	16770000	16774544	4	4	0
chr13	16774702	16928394	9	9	0
chr13	16936820	19397539	2	1	1
chr13	19397754	20990788	4	2	2
chr13	21377390	23343933	2	1	1
chr13	23344086	24270544	1	1	0
chr13	24270694	25249758	2	2	0
chr13	25249912	25577558	1	1	0
chr13	25578338	29667322	2	1	1
chr13	29673934	29847060	3	2	1
chr13	29856518	30443761	2	2	0
chr13	30461700	30723382	5	3	2
chr13	30728352	32759070	3	2	1
chr13	32759220	33403500	4	4	0
chr13	33404008	33938268	2	1	1
chr13	33943680	34443546	4	4	0
chr13	34449556	36142180	2	1	1
chr13	36142332	36488156	4	4	0
chr13	36491693	36801015	2	1	1
chr13	36801404	37006648	3	2	1
chr13	37006914	37401782	2	1	1
chr13	37401932	37403732	5	5	0
chr13	37403882	37858798	2	1	1
chr13	37858948	37884214	1	1	0
chr13	37884364	37915522	4	4	0
chr13	37917152	37941818	2	1	1
chr13	37941970	37948934	4	4	0
chr13	37949284	38804264	2	1	1
chr13	38805946	38866424	5	3	2
chr13	38867810	43477839	2	1	1
chr13	43480789	43792834	3	2	1
chr13	43793547	46520204	2	1	1
chr13	46520354	46564146	1	1	0
chr13	46585442	57334902	2	1	1
chr13	57563180	58065799	1	1	0
chr13	58065953	63230496	2	1	1
chr14	31032	3301220	2	1	1
chr14	3334294	3402188	5	5	0
chr14	3444562	6849521	2	1	1
chr14	6850192	7193002	4	4	0
chr14	7217866	8880860	2	1	1
chr14	8883176	8993688	1	1	0
chr14	8993838	11769028	2	1	1
chr14	11769186	11828745	6	6	0
chr14	11870259	17004152	2	1	1
chr14	17004302	17296902	4	4	0
chr14	17297058	32122320	2	1	1
chr14	32122477	32177318	1	1	0
chr14	32180057	34789232	2	1	1
chr14	34789386	35037643	5	5	0
chr14	35040360	40073580	2	1	1
chr14	40081934	40258897	6	6	0
chr14	40261904	41084057	2	1	1
chr14	41084297	41559522	1	1	0
chr14	41564386	44053360	3	2	1
chr14	44082291	45819268	2	1	1
chr14	45819434	46572158	4	2	2
chr14	46578246	54083200	2	1	1
chr14	54112925	54780342	4	4	0
chr14	54780492	55437846	2	1	1
chr14	55437990	55462454	5	5	0
chr14	55492424	55823202	2	2	0
chr14	55823352	55853320	7	7	0
chr14	55899344	59433958	2	1	1
chr14	59435216	59669318	1	1	0
chr14	59669468	60964327	2	1	1
chr15	235990	2185754	2	1	1
chr15	2187384	2280080	3	2	1
chr15	2283338	2584984	2	1	1
chr15	2585190	2637514	4	4	0
chr15	2647056	3863994	2	1	1
chr15	3864144	3868961	7	7	0
chr15	3869290	4344760	2	2	0
chr15	4344924	4908010	2	1	1
chr15	4908912	4974704	2	2	0
chr15	4975070	5938716	3	2	1
chr15	5938866	6085348	2	2	0
chr15	6095802	6113104	1	1	0
chr15	6113254	7126228	2	1	1
chr15	7126376	7970629	3	2	1
chr15	7980649	10653348	2	1	1
chr15	10690558	10882966	1	1	0
chr15	10887428	12969945	2	1	1
chr15	12973060	13205808	4	4	0
chr15	13205958	13453702	2	1	1
chr15	13454689	13667409	3	2	1
chr15	13667919	19734188	2	1	1
chr15	19737288	19859448	5	5	0
chr15	19859584	25016338	2	1	1
chr15	25016484	26354738	4	4	0
chr15	26354891	29670935	2	1	1
chr15	29671088	29986932	4	4	0
chr15	29998746	30145989	1	1	0
chr15	30189896	37178382	2	1	1
chr15	37178540	37945222	1	1	0
chr15	37945373	41273764	2	1	1
chr15	41275716	41871936	1	1	0
chr15	41951768	42396210	3	3	0
chr15	42396360	46020320	2	1	1
chr15	46022282	46070390	7	7	0
chr15	46070549	63810102	2	1	1
chr15	63810256	64114860	4	4	0
chr15	64118006	64158922	1	1	0
chr16	87142	303806	1	1	0
chr16	315576	482816	3	2	1
chr16	483534	1003784	5	5	0
chr16	1003936	12188800	2	1	1
chr16	12188950	12316524	6	6	0
chr16	12350140	13884362	2	1	1
chr16	13901294	13948106	1	1	0
chr16	13948322	18143354	2	1	1
chr16	18143504	18271172	3	3	0
chr16	18271313	18355247	1	1	0
chr16	18399186	19079237	2	1	1
chr16	19079394	19252754	1	1	0
chr16	19253035	27670975	2	1	1
chr16	27671132	27826010	5	5	0
chr16	27826162	35039862	2	1	1
chr16	35147504	35373060	4	4	0
chr16	35380114	35744010	2	2	0
chr16	35745098	36061256	4	2	2
chr16	36061409	45458443	2	1	1
chr16	45542148	45636731	4	4	0
chr16	45636882	47104678	2	1	1
chr16	47105608	47373247	4	4	0
chr16	47374720	54101378	2	1	1
chr16	54293510	56452788	3	2	1
chr16	56555588	59380856	2	1	1
chr16	59381006	59533045	1	1	0
chr17	21072	24582	1	1	0
chr17	24732	90332	4	4	0
chr17	90492	578404	2	1	1
chr17	578841	875082	3	3	0
chr17	889910	922650	1	1	0
chr17	922771	1510570	3	3	0
chr17	1510734	1870150	1	1	0
chr17	1870300	4522162	2	1	1
chr17	4544536	5723622	3	2	1
chr17	5820418	10660456	2	2	0
chr17	10660608	11102245	5	5	0
chr17	11108965	13266748	2	1	1
chr17	13266898	13296472	5	5	0
chr17	13297024	15399046	2	1	1
chr17	15399196	15489826	3	3	0
chr17	15489976	24566834	2	1	1
chr17	24567624	24879616	3	2	1
chr17	24880792	24901822	1	1	0
chr17	24901961	36711010	2	1	1
chr17	36711160	36736054	5	5	0
chr17	36738839	37405136	2	1	1
chr17	37405288	37474914	1	1	0
chr17	37475028	46795910	2	1	1
chr17	46996567	47366419	4	4	0
chr17	47366576	49388584	2	1	1
chr17	49388706	49450428	1	1	0
chr17	49450585	51228702	3	2	1
chr17	51228826	51396883	2	1	1
chr17	51412646	51530430	1	1	0
chr17	51531110	51779220	2	1	1
chr17	51779370	51785312	5	5	0
chr17	51786216	51794578	1	1	0
chr17	51794729	52814992	2	1	1
chr17	52815114	52900758	6	6	0
chr17	52901130	53299633	2	2	0
chr17	53359333	53476274	6	6	0
chr17	53499421	64005595	2	1	1
chr17	64006329	64239642	2	2	0
chr18	15640	82034	2	1	1
chr18	82194	171350	3	3	0
chr18	171484	237380	2	2	0
chr18	238515	350318	3	3	0
chr18	350468	1666585	2	2	0
chr18	1676672	2358512	2	1	1
chr18	2358650	4160738	1	1	0
chr18	4212118	8068086	2	1	1
chr18	8120183	8389684	4	4	0
chr18	8389807	21398787	2	1	1
chr18	21403074	21474446	6	6	0
chr18	21474596	25524188	2	1	1
chr18	25524482	25658686	3	2	1
chr18	25659568	25715824	2	1	1
chr18	25715984	25721898	4	4	0
chr18	25722048	26295924	2	1	1
chr18	26317872	28841346	1	1	0
chr18	28841496	31716995	2	1	1
chr18	31721515	32704400	3	2	1
chr18	32706788	33210116	2	1	1
chr18	33210330	33360636	5	5	0
chr18	33360784	43512854	2	1	1
chr18	43513490	43518604	1	1	0
chr18	43518748	46146748	2	1	1
chr18	46148426	46206624	1	1	0
chr18	46207384	46998262	2	2	0
chr18	46998387	47016876	4	4	0
chr18	47018120	48189216	2	1	1
chr18	48189386	48465510	3	3	0
chr18	48468542	48489856	1	1	0
chr18	48490007	48962870	3	3	0
chr18	48964342	55814650	2	1	1
chr19	12695	1738549	2	2	0
chr19	1738977	2253368	4	4	0
chr19	2255022	2268076	7	7	0
chr19	2268226	4571996	2	1	1
chr19	4572146	5439716	3	3	0
chr19	5439841	7490894	1	1	0
chr19	7491044	8851022	3	3	0
chr19	8851136	15330396	2	1	1
chr19	15330546	15879161	3	2	1
chr19	15879320	18474692	2	1	1
chr19	18474846	18764450	5	5	0
chr19	18764568	21388610	2	1	1
chr19	21388750	22329619	5	5	0
chr19	22369016	30865512	2	1	1
chr19	30865652	30996416	4	4	0
chr19	30998308	33950760	2	1	1
chr19	33950910	35051022	3	3	0
chr19	35051184	38874820	2	1	1
chr19	38874970	40303643	3	2	1
chr19	40306087	43495648	2	1	1
chr19	43513559	44874628	5	5	0
chr19	44896368	50247330	2	1	1
chr19	50264158	50268580	1	1	0
chr19	50396543	51173038	2	1	1
chr19	51174718	51824490	7	7	0
chr19	51824640	53732236	2	1	1
chr20	25920	3159660	2	1	1
chr20	3161736	3167088	6	6	0
chr20	3167244	3952484	3	2	1
chr20	3952646	4046912	1	1	0
chr20	4047037	4150458	4	2	2
chr20	4167382	4621004	2	2	0
chr20	4621154	9200893	2	1	1
chr20	9203424	9358974	1	1	0
chr20	9359526	9451796	3	2	1
chr20	9451966	22073136	2	1	1
chr20	22073290	22427450	6	6	0
chr20	22455640	22756352	2	1	1
chr20	22756502	23896044	4	2	2
chr20	23915220	24484580	2	2	0
chr20	24484740	27870589	2	1	1
chr20	27880728	28221920	6	3	3
chr20	28324424	32738524	2	1	1
chr20	32738680	32794659	1	1	0
chr20	32797933	44587766	2	1	1
chr20	44587916	44589266	1	1	0
chr20	44589416	46160992	2	1	1
chr20	46161147	46208614	5	5	0
chr20	46208766	46742572	3	2	1
chr20	46742722	46935100	2	2	0
chr20	46935250	47143426	3	2	1
chr20	47146536	47850444	2	1	1
chr20	47854230	48566556	3	3	0
chr20	48567126	50688060	2	1	1
chr20	50689022	50730686	5	5	0
chr20	50733054	52726905	2	1	1
chr20	52728462	52853818	3	3	0
chr20	52855936	53178894	2	2	0
chr20	53179050	53255330	4	4	0
chr20	53257089	54407746	2	1	1
chr20	54408896	54723132	3	3	0
chr20	54724773	55483484	2	2	0
chr20	55483634	55486184	1	1	0
chr20	55486334	55830516	3	3	0
chr20	55830676	55832938	1	1	0
chr20	55833088	57383234	2	1	1
chr20	57383384	57394796	4	4	0
chr20	57395172	57637836	2	1	1
chr20	57637986	57671634	3	2	1
chr20	57672360	57726695	2	1	1
chr20	57727978	57877068	3	2	1
chr20	57877630	57910626	2	1	1
chr20	57910776	58095322	3	3	0
chr21	15722	16152	4	4	0
chr21	31602	5674020	2	1	1
chr21	5676283	6004556	3	2	1
chr21	6004708	6115061	1	1	0
chr21	6115222	7185874	2	1	1
chr21	7207014	7262115	4	4	0
chr21	7270052	16383421	2	1	1
chr21	16413546	20229672	3	2	1
chr21	20229822	22465718	2	1	1
chr21	22465868	22505432	1	1	0
chr21	22505592	29997900	2	1	1
chr21	29998050	30082640	1	1	0
chr21	30082794	34044420	2	1	1
chr21	34098628	34708296	4	2	2
chr21	34708446	35933822	2	1	1
chr21	35933972	36221634	5	5	0
chr21	36221784	37659970	2	1	1
chr21	37660494	37808030	5	5	0
chr21	37808781	39397312	3	2	1
chr21	39402708	39963518	2	1	1
chr21	39964023	40274336	3	2	1
chr21	40304615	47467226	2	1	1
chr21	47473249	47707248	5	5	0
chr21	47707400	50141232	2	1	1
chr21	50141382	50310658	4	2	2
chr21	50312384	50513288	2	1	1
chr21	50516770	50571072	3	2	1
chr21	50573178	50855618	2	1	1
chr22	75033	4595900	2	1	1
chr22	4600612	4618763	6	6	0
chr22	4621707	6030494	2	1	1
chr22	6030644	6036892	6	6	0
chr22	6037042	9753823	2	1	1
chr22	9759015	9864908	4	4	0
chr22	9865058	10211730	2	2	0
chr22	10211880	13239977	10	10	0
chr22	13865088	13868388	4	4	0
chr22	13868506	17154253	2	1	1
chr22	17154404	18340282	4	4	0
chr22	18340944	29617130	2	1	1
chr22	29618560	30547276	4	4	0
chr22	30551014	32032958	2	2	0
chr22	32035146	33686805	3	3	0
chr22	33708836	52559624	2	1	1
chr22	52573872	52617198	1	1	0
chr22	52617348	56135070	4	4	0
chr22	56169218	57947461	2	1	1
chr22	57953204	58362438	3	3	0
chr22	58362570	59302874	2	1	1
chr22	59302999	60106830	4	2	2
chr22	60110584	60720218	2	1	1
chr22	60720368	60732581	1	1	0
chr22	60732732	61378050	2	1	1
chr23	1992	2222274	2	1	1
chr23	2222427	2587017	4	4	0
chr23	2587717	2952529	2	2	0
chr23	2965102	3261833	1	1	0
chr23	3268282	7898178	2	1	1
chr23	7898726	7901820	6	6	0
chr23	7901937	16510764	2	1	1
chr23	16510914	16710717	1	1	0
chr23	16719340	29114574	2	2	0
chr23	29114724	29283610	4	4	0
chr23	29294921	35548332	2	1	1
chr23	35548942	37190540	3	3	0
chr23	37195564	37560887	2	2	0
chr23	37572044	37578356	6	6	0
chr23	37582340	38345806	2	2	0
chr23	38345956	38350365	6	6	0
chr23	38360115	39337282	2	1	1
chr23	39352520	40262220	1	1	0
chr23	40262370	41828398	2	1	1
chr23	41828554	42977953	4	2	2
chr23	42980258	43086660	1	1	0
chr23	43086822	44681920	2	1	1
chr23	44682054	45089202	4	2	2
chr23	45089352	46614746	2	1	1
chr23	46615656	48641933	3	2	1
chr23	48671967	48972202	4	4	0
chr23	48973962	51296238	2	1	1
chr23	51299834	51461925	5	3	2
chr23	51484498	52151534	2	1	1
chr23	52157892	52293696	1	1	0
chr24	71316	71316	2	2	0
chr24	75050	2459792	3	2	1
chr24	2462310	2751454	6	6	0
chr24	2752424	5528102	2	1	1
chr24	5529822	5560628	7	7	0
chr24	5567266	10189748	2	1	1
chr24	10200173	11679600	3	2	1
chr24	11681112	15201460	2	1	1
chr24	15201619	15751886	4	4	0
chr24	15754070	16692202	2	1	1
chr24	16693468	16847590	1	1	0
chr24	16859766	17214358	4	4	0
chr24	17214517	18944308	2	1	1
chr24	18956800	19043047	6	6	0
chr24	19043200	20426422	3	2	1
chr24	20429438	20493576	4	2	2
chr24	20493714	24819106	2	1	1
chr24	24819256	24823022	5	5	0
chr24	24823364	27591918	2	1	1
chr24	27592082	28015306	4	4	0
chr24	28015456	29228375	2	1	1
chr24	29228528	29349226	5	5	0
chr24	29350338	30000992	2	1	1
chr24	30002010	32622762	3	2	1
chr24	32622912	36503581	2	1	1
chr24	36552028	36611667	1	1	0
chr24	36613851	36720062	4	4	0
chr24	36720212	36753100	2	2	0
chr24	36753250	36983597	5	5	0
chr24	36986731	37320970	2	1	1
chr24	37321120	39151676	3	2	1
chr24	39169858	39875878	2	1	1
chr24	39877206	39898664	4	4	0
chr24	39902165	42602826	2	1	1
chr24	42602980	42711286	5	5	0
chr24	42711436	43248482	2	1	1
chr24	43248632	43924554	3	2	1
chr24	43924704	44550020	2	1	1
chr24	44550170	46063706	3	2	1
chr24	46063856	46837184	2	1	1
chr24	46837300	46917876	1	1	0
chr24	46927926	47159933	2	1	1
chr24	47160088	47268558	3	2	1
chr24	47268710	47271750	1	1	0
chr24	47271902	47672041	2	1	1
chr25	14815	2541868	2	1	1
chr25	2547060	2585246	5	5	0
chr25	2609269	13011118	2	1	1
chr25	13011268	13011268	5	5	0
chr25	13011418	13060210	4	4	0
chr25	13062889	13912776	2	2	0
chr25	13914908	13983716	4	4	0
chr25	13983866	15403134	2	1	1
chr25	15429426	16633369	1	1	0
chr25	16633541	18156948	2	1	1
chr25	18158012	18220344	1	1	0
chr25	18221142	26131588	2	1	1
chr25	26135496	26483778	3	3	0
chr25	26483928	28302316	2	1	1
chr25	28348308	31280131	2	2	0
chr25	31281729	31342610	5	5	0
chr25	31343228	35437566	2	1	1
chr25	35437724	36804846	3	2	1
chr25	36805005	38670194	2	1	1
chr25	38670346	38771254	5	5	0
chr25	38771368	40334744	2	1	1
chr25	40338242	40508814	3	2	1
chr25	40509698	43453984	2	1	1
chr25	43454134	43543532	3	3	0
chr25	43544182	45444444	2	1	1
chr25	45447382	47006042	3	2	1
chr25	47006196	47469686	2	1	1
chr25	47469849	47685630	1	1	0
chr25	47685790	48870048	2	1	1
chr25	48870210	49081288	1	1	0
chr25	49082338	50302384	2	1	1
chr25	50304386	50474098	1	1	0
chr25	50474248	50589656	2	1	1
chr25	50592192	50705256	5	5	0
chr25	50712413	51028555	3	2	1
chr25	51029538	51057482	1	1	0
chr25	51081426	51492206	2	1	1
chr25	51492356	51501742	1	1	0
chr25	51501888	51516152	2	2	0
chr25	51517286	51518614	1	1	0
chr25	51518764	51628619	2	2	0
chr26	14534	2992162	2	1	1
chr26	3081238	3917682	4	4	0
chr26	3917832	11704852	2	1	1
chr26	11705966	11705966	1	1	0
chr26	11706100	12714229	2	2	0
chr26	12714382	16520426	2	1	1
chr26	16520576	16537204	7	7	0
chr26	16543686	18258775	2	1	1
chr26	18258926	18261616	6	6	0
chr26	18261772	28810404	2	1	1
chr26	28810554	28860413	1	1	0
chr26	28931881	29032612	6	6	0
chr26	29036579	37486708	2	1	1
chr26	37486858	38054134	2	2	0
chr26	38054282	38693534	2	1	1
chr26	38693696	38756288	4	2	2
chr26	38757563	38963574	2	1	1
chr27	9008	459592	2	2	0
chr27	459742	690198	3	3	0
chr27	699534	760210	1	1	0
chr27	760360	848779	3	3	0
chr27	849068	1276938	2	2	0
chr27	1277088	1994484	2	1	1
chr27	1994605	1998174	1	1	0
chr27	1998324	2454076	2	2	0
chr27	2454234	2571876	1	1	0
chr27	2572027	2827188	2	1	1
chr27	2827340	2862494	1	1	0
chr27	2862622	3123358	2	2	0
chr27	3137749	3178038	1	1	0
chr27	3178188	4120038	2	2	0
chr27	4226694	4747813	2	1	1
chr27	4750548	4762523	6	6	0
chr27	4798236	10332134	2	1	1
chr27	10340578	10345726	1	1	0
chr27	10345880	18081284	2	1	1
chr27	18081446	18274782	5	5	0
chr27	18284848	25584242	2	1	1
chr27	25590166	26197502	1	1	0
chr27	26197652	26687210	2	1	1
chr27	26878056	27659724	1	1	0
chr27	27662160	34300670	2	1	1
chr27	34300826	34997366	2	2	0
chr27	34999854	37947492	2	1	1
chr27	37950322	38522566	2	2	0
chr27	38522910	45856726	2	1	1
chr28	67154	5446562	2	1	1
chr28	5470344	5523722	5	5	0
chr28	5523872	6687032	2	1	1
chr28	6687182	6762720	7	7	0
chr28	6771066	13207705	2	1	1
chr28	13208704	13215364	4	4	0
chr28	13215676	15822120	2	1	1
chr28	15822277	15937242	4	2	2
chr28	15937368	18754075	2	1	1
chr28	18780488	21267900	1	1	0
chr28	21268058	22367854	2	1	1
chr28	22368004	22831840	4	4	0
chr28	22921115	28845883	2	1	1
chr28	28846038	28955502	4	4	0
chr28	29017194	29291816	1	1	0
chr28	29293530	32080082	2	1	1
chr28	32080234	32151671	4	4	0
chr28	32153149	33858428	2	1	1
chr28	33858542	34005212	4	4	0
chr28	34005367	38739990	2	1	1
chr28	38745417	39424797	1	1	0
chr28	39428752	40329154	2	1	1
chr28	40329300	40463950	1	1	0
chr28	40467528	40885222	2	1	1
chr28	40885379	40919918	1	1	0
chr28	40920776	41181712	2	1	1
chr29	35082	4651624	2	1	1
chr29	4651774	4779304	5	3	2
chr29	4779454	9576536	2	1	1
chr29	9589750	10527266	4	4	0
chr29	10553478	15833880	2	1	1
chr29	15834030	16016266	7	7	0
chr29	16016422	17734838	2	1	1
chr29	17734988	17840512	6	6	0
chr29	17840664	19742428	2	1	1
chr29	19749044	19765431	7	7	0
chr29	19765586	22778632	2	1	1
chr29	22778784	22828116	4	4	0
chr29	22829445	23682622	2	2	0
chr29	23732340	24689330	3	2	1
chr29	24689480	26389699	2	1	1
chr29	26422514	27187026	3	3	0
chr29	27187434	27760060	2	1	1
chr29	27760210	27898352	3	3	0
chr29	27906251	34207714	2	1	1
chr29	34207866	35287932	2	2	0
chr29	35290406	36834346	2	1	1
chr29	36834496	37170442	5	5	0
chr29	37175535	37959341	3	2	1
chr29	38004302	38680376	1	1	0
chr29	38680526	38783975	3	3	0
chr29	38788122	40014866	2	1	1
chr29	40021888	40743325	4	4	0
chr29	40744504	41815122	2	1	1
chr30	41440	3152881	2	2	0
chr30	3153032	4135060	6	6	0
chr30	4182036	11422174	2	1	1
chr30	11429162	11467308	8	8	0
chr30	11480792	14836752	2	1	1
chr30	14863890	14935888	5	5	0
chr30	14936038	18425416	2	1	1
chr30	18536978	18541886	5	5	0
chr30	18542036	24824640	2	1	1
chr30	24824754	25053020	6	6	0
chr30	25053170	26744538	2	1	1
chr30	26755200	26987800	4	4	0
chr30	26987950	27922976	2	1	1
chr30	27923984	28073656	6	6	0
chr30	28104938	30952506	2	1	1
chr30	31013306	31150906	5	5	0
chr30	31245732	31947652	2	2	0
chr30	31947813	32119326	1	1	0
chr30	32121114	32695347	3	2	1
chr30	32695799	33680108	2	1	1
chr30	33680238	34382842	3	3	0
chr30	34383723	35900126	2	1	1
chr30	35900870	35955792	6	6	0
chr30	35960476	40211866	2	1	1
chr31	8024	11756090	2	1	1
chr31	11756446	11856319	6	6	0
chr31	11856470	22249578	2	1	1
chr31	22253796	23944686	3	2	1
chr31	23944826	25830686	2	1	1
chr31	25842476	26061176	6	6	0
chr31	26061334	27255982	2	1	1
chr31	27256132	27302630	1	1	0
chr31	27305354	27309156	8	8	0
chr31	27309308	27460670	2	1	1
chr31	27509588	27685246	3	3	0
chr31	27685396	28049366	2	1	1
chr31	28056314	28063135	1	1	0
chr31	28066596	31677808	2	1	1
chr31	31677958	31710156	6	6	0
chr31	31710568	32203910	3	2	1
chr31	32205648	33429713	2	2	0
chr31	33430616	33860254	3	3	0
chr31	33886536	34153253	1	1	0
chr31	34154808	37308391	2	1	1
chr31	37309588	37388834	4	4	0
chr31	37388984	37397318	2	1	1
chr31	37397468	37456378	1	1	0
chr31	37456528	37879659	2	1	1
chr31	37880084	37910589	1	1	0
chr31	37929934	38590556	2	1	1
chr31	38591891	38632196	1	1	0
chr31	38632346	38820516	2	1	1
chr31	38820676	38967238	1	1	0
chr31	38967385	39893560	2	1	1
chr32	67584	1725324	2	1	1
chr32	1726748	4298934	2	2	0
chr32	4301172	4448582	1	1	0
chr32	4449128	4490400	5	5	0
chr32	4508293	8610504	2	1	1
chr32	8620179	9056012	7	7	0
chr32	9056142	16798014	2	1	1
chr32	16798164	16807565	6	6	0
chr32	16807718	22064804	2	1	1
chr32	22066840	22133368	4	4	0
chr32	22133506	22690468	1	1	0
chr32	22690618	30272586	2	1	1
chr32	30359816	30553263	5	5	0
chr32	30553426	30713998	2	1	1
chr32	30715114	31606839	3	2	1
chr32	31608154	32813412	2	1	1
chr32	32853678	33058211	3	2	1
chr32	33067630	38724876	2	1	1
chr33	13756	8670116	2	1	1
chr33	8671572	11350134	3	2	1
chr33	11353480	20396910	2	1	1
chr33	20397060	22006716	5	5	0
chr33	22006882	29584568	2	1	1
chr33	29627989	29741188	1	1	0
chr33	29744456	29937711	2	2	0
chr33	29940344	29947260	1	1	0
chr33	29947414	30856064	2	2	0
chr33	30856214	31073246	5	5	0
chr33	31073968	31360258	2	1	1
chr34	111379	3714318	3	3	0
chr34	3720092	3792536	6	6	0
chr34	3792686	9436438	2	2	0
chr34	9436588	10838276	4	4	0
chr34	10842716	11166134	2	2	0
chr34	11166284	21843881	2	1	1
chr34	21845249	22412494	3	2	1
chr34	22412617	30971317	2	1	1
chr34	30977516	31240375	6	6	0
chr34	31240538	32831963	2	1	1
chr34	32878894	32888029	7	7	0
chr34	32888184	34581367	2	1	1
chr34	34581520	34658058	1	1	0
chr34	34658192	36149631	2	1	1
chr34	36158462	36895656	3	2	1
chr34	36895808	42103540	2	1	1
chr35	56528	1084170	2	2	0
chr35	1407449	1841498	4	4	0
chr35	1841648	3004360	2	1	1
chr35	3008652	3671612	3	2	1
chr35	3692368	6345496	2	1	1
chr35	6347445	6573720	5	5	0
chr35	6627672	13334742	2	1	1
chr35	13334856	14071300	3	3	0
chr35	14089808	15258263	2	1	1
chr35	15269870	15863832	3	2	1
chr35	15884066	16133292	5	5	0
chr35	16133450	18227058	2	1	1
chr35	18227208	18722676	2	2	0
chr35	18722827	20763940	2	1	1
chr35	20764084	22226782	4	4	0
chr35	22235924	24377707	2	1	1
chr35	24377858	24444610	1	1	0
chr35	24448849	25945788	2	1	1
chr35	25978456	26508683	2	2	0
chr36	311666	1718320	3	3	0
chr36	1718474	2547646	1	1	0
chr36	2547774	6205442	2	1	1
chr36	6205592	6638096	4	4	0
chr36	6750302	13108470	2	1	1
chr36	13108879	13387344	6	6	0
chr36	13398878	16501086	2	1	1
chr36	16501790	16628184	3	3	0
chr36	16631198	21701889	2	1	1
chr36	21702040	21753969	4	4	0
chr36	21756387	27526140	2	1	1
chr36	27526290	28205379	4	4	0
chr36	28208735	30808270	2	1	1
chr37	150244	8707644	2	1	1
chr37	8729128	9838096	2	2	0
chr37	9841738	12433706	2	1	1
chr37	12434206	12507590	4	4	0
chr37	12509078	19741422	2	1	1
chr37	19777746	20448225	6	6	0
chr37	20516314	23332167	2	1	1
chr37	23332922	23366314	4	4	0
chr37	23366464	23936807	3	3	0
chr37	23993984	24583554	6	6	0
chr37	24586759	26146811	2	1	1
chr37	26147426	27804724	3	3	0
chr37	27804874	30110472	2	1	1
chr37	30120904	30320507	1	1	0
chr37	30407772	30884852	2	1	1
chr38	43216	2295980	2	1	1
chr38	2296146	2335910	1	1	0
chr38	2336042	10155020	2	1	1
chr38	10155178	12255982	3	2	1
chr38	12394698	12441398	1	1	0
chr38	12685694	15532156	2	1	1
chr38	15539104	16052088	2	2	0
chr38	16052238	17196144	2	1	1
chr38	17196294	17580646	3	3	0
chr38	17585928	17646972	1	1	0
chr38	17650290	19775577	2	1	1
chr38	19778842	20009754	3	2	1
chr38	20011852	21055710	2	1	1
chr38	21055868	21107435	1	1	0
chr38	21113294	22760051	2	1	1
chr38	22760202	22762467	1	1	0
chr38	22762618	23515256	2	1	1
chr38	23515406	23702882	3	2	1
chr38	23703032	23871764	2	1	1
