chromosome	start	end	major_cn	minor_cn	total_cn
chr1	252179	801218	3	3	0
chr1	801372	901422	1	1	0
chr1	912618	14854368	3	2	1
chr1	14854520	14985845	3	3	0
chr1	14985998	15189400	1	1	0
chr1	15193850	25843967	3	3	0
chr1	25876822	26029326	1	1	0
chr1	26029479	54976730	3	3	0
chr1	54976888	55704246	2	2	0
chr1	55704399	59273110	3	3	0
chr1	59273262	60586902	1	1	0
chr1	60597522	64244940	3	3	0
chr1	64247104	64407110	7	7	0
chr1	64412672	68948244	4	3	1
chr1	68955628	69131808	2	2	0
chr1	69135307	72357688	4	3	1
chr1	72447722	72801644	2	2	0
chr1	72801808	73793602	4	4	0
chr1	73793752	74371434	7	7	0
chr1	74374322	89677608	3	2	1
chr1	89677758	89798609	10	10	0
chr1	89811438	90590282	4	3	1
chr1	90590441	91976728	9	6	3
chr1	91976852	93887614	31	31	0
chr1	93948446	94097628	10	10	0
chr1	94097778	94793020	3	3	0
chr1	94796200	95279898	8	8	0
chr1	95280138	95701344	17	17	0
chr1	95702584	95953093	8	8	0
chr1	95955198	96597754	3	3	0
chr1	96629991	96850196	2	2	0
chr1	96850370	97903974	3	3	0
chr1	97904350	99135690	5	5	0
chr1	99135854	99786628	24	15	9
chr1	99800650	100006644	13	13	0
chr1	100006794	100278626	8	8	0
chr1	100278776	100417954	13	13	0
chr1	100418104	100463163	4	4	0
chr1	100464393	100673857	5	5	0
chr1	100674008	100724906	3	3	0
chr1	100725056	102861501	5	3	2
chr1	102864413	103724548	4	3	1
chr1	103725361	105393528	3	2	1
chr1	105394165	108661373	4	3	1
chr1	108661530	109161073	5	5	0
chr1	109168720	109177058	1	1	0
chr1	109177198	121826240	4	3	1
chr1	121830089	121875946	1	1	0
chr1	121876088	122655590	3	3	0
chr2	22644	22083174	3	2	1
chr2	22083326	22523588	1	1	0
chr2	22542574	30714294	3	2	1
chr2	30805398	31654421	1	1	0
chr2	31657456	42544287	3	2	1
chr2	42544444	42587758	1	1	0
chr2	42587920	55475259	3	2	1
chr2	55475414	55533922	1	1	0
chr2	55552200	60634936	3	2	1
chr2	60635063	60840666	1	1	0
chr2	60847211	60978108	4	4	0
chr2	60978224	61504022	1	1	0
chr2	61555567	63086488	3	2	1
chr2	63086624	64239422	2	2	0
chr2	64243676	64750047	3	3	0
chr2	64805800	64878096	1	1	0
chr2	64878210	84717246	3	2	1
chr2	84717389	84805910	5	5	0
chr2	84806060	85408234	3	2	1
chr2	85409298	85417108	4	4	0
chr3	8314	4064992	4	4	0
chr3	4083310	5239442	2	2	0
chr3	5333540	11473748	4	4	0
chr3	11473898	12548930	3	3	0
chr3	12552674	18482776	4	3	1
chr3	18529288	21048190	3	3	0
chr3	21048336	37547092	4	3	1
chr3	37548574	37640372	1	1	0
chr3	37682424	40168584	4	3	1
chr3	40225548	40307818	1	1	0
chr3	40308490	60500020	4	3	1
chr3	60500170	60678844	2	2	0
chr3	60678997	66749625	4	3	1
chr3	66749778	69001270	2	2	0
chr3	69010186	87434020	4	3	1
chr3	87434172	88370218	2	2	0
chr3	88665480	91887855	4	3	1
chr4	16163	176512	4	4	0
chr4	176746	313043	2	2	0
chr4	313432	5125545	4	4	0
chr4	5125698	5359640	1	1	0
chr4	5359760	9091969	4	4	0
chr4	9125118	9618220	6	6	0
chr4	9622018	29891916	3	2	1
chr4	29892066	30683214	2	2	0
chr4	30970768	62443398	3	2	1
chr4	62443536	63044514	1	1	0
chr4	63045262	88272406	3	2	1
chr5	22388	106520	2	2	0
chr5	171965	207474	0	0	0
chr5	207624	1371254	2	2	0
chr5	1425342	4574487	1	1	0
chr5	4574651	30833718	2	2	0
chr5	30834046	30996182	1	1	0
chr5	30997374	50530342	2	2	0
chr5	50530718	50968254	1	1	0
chr5	50968408	64336944	2	2	0
chr5	64337094	64389962	1	1	0
chr5	64414580	65455717	2	2	0
chr5	65497480	65611398	1	1	0
chr5	65634328	78609953	2	2	0
chr5	78814566	79785720	0	0	0
chr5	79788112	86741056	2	2	0
chr5	86743128	88506208	0	0	0
chr5	88506359	88735270	1	1	0
chr6	311634	358630	2	2	0
chr6	358780	12886488	3	2	1
chr6	12930720	13083832	1	1	0
chr6	13134892	41208422	3	2	1
chr6	41214926	41385635	1	1	0
chr6	41399736	47035546	3	2	1
chr6	47036589	47447758	1	1	0
chr6	47453306	52946698	3	2	1
chr6	52948601	53115525	1	1	0
chr6	53116366	62444958	3	2	1
chr6	62445502	62524740	1	1	0
chr6	62549226	72182438	3	2	1
chr6	72209575	74871084	2	2	0
chr6	74872237	77393624	3	2	1
chr6	77395153	77539234	0	0	0
chr7	26328	26328	2	2	0
chr7	26575	1487794	3	2	1
chr7	1487944	1535316	1	1	0
chr7	1535466	1958174	3	2	1
chr7	1966606	2009352	1	1	0
chr7	2009950	2025919	4	4	0
chr7	2027238	24282754	3	2	1
chr7	24282886	29514700	4	2	2
chr7	29514814	35841288	3	2	1
chr7	35842360	35879484	0	0	0
chr7	35879638	43394750	3	2	1
chr7	43395384	43403255	0	0	0
chr7	43403617	48880510	3	2	1
chr7	48880882	53142545	2	1	1
chr7	53156840	55250742	3	2	1
chr7	55330735	55506971	1	1	0
chr7	55618198	65280696	3	2	1
chr7	65297019	66179718	5	5	0
chr7	66179840	68471756	3	2	1
chr7	68516646	69211177	1	1	0
chr7	69211332	72704906	3	2	1
chr7	72705056	73055206	1	1	0
chr7	73149974	80962210	3	2	1
chr7	80973108	80974448	4	4	0
chr8	45054	4305330	4	3	1
chr8	4305490	4931672	5	3	2
chr8	4931822	29293592	4	2	2
chr8	29340958	29971128	2	2	0
chr8	29971278	31221630	4	2	2
chr8	31234018	31243598	1	1	0
chr8	31243750	32005481	3	3	0
chr8	32011172	32244170	1	1	0
chr8	32244976	39006277	4	2	2
chr8	39018595	39138896	1	1	0
chr8	39140030	65547478	4	2	2
chr8	65550994	67673693	2	2	0
chr8	67700000	69263338	4	2	2
chr8	69263488	69860264	5	3	2
chr8	69874709	70873326	4	2	2
chr8	70915596	70935772	1	1	0
chr8	70935924	71821006	4	2	2
chr8	71821487	72095372	1	1	0
chr8	72095522	72248529	2	2	0
chr8	72257851	73095451	4	2	2
chr8	73096284	74293167	3	2	1
chr9	11980	725796	3	2	1
chr9	769980	810698	0	0	0
chr9	814444	1728912	3	2	1
chr9	1729062	1795876	1	1	0
chr9	1796026	4230522	3	2	1
chr9	4230680	4510074	2	2	0
chr9	4510224	4538134	1	1	0
chr9	4538394	6440146	2	2	0
chr9	6442796	7380000	3	3	0
chr9	7380167	8362902	2	2	0
chr9	8375246	8992616	4	3	1
chr9	8992766	10372339	6	4	2
chr9	10372962	10392496	12	12	0
chr9	10392646	10871324	24	24	0
chr9	10880300	11648442	6	4	2
chr9	11657705	11899904	10	8	2
chr9	11900054	14582656	5	3	2
chr9	14584022	15644330	6	4	2
chr9	15645546	16350120	8	5	3
chr9	16383770	18026947	3	2	1
chr9	18027100	19833721	6	4	2
chr9	19842777	19877272	5	5	0
chr9	19888482	21483521	2	1	1
chr9	21491362	21684994	1	1	0
chr9	21685123	24179412	2	2	0
chr9	24179528	24254163	1	1	0
chr9	24255700	25618772	2	2	0
chr9	25618922	25623236	1	1	0
chr9	25665046	48389502	2	2	0
chr9	48390023	48412584	0	0	0
chr9	48412881	50995426	2	2	0
chr9	50995582	51176871	1	1	0
chr9	51186202	61042436	2	2	0
chr10	16721	6268943	2	2	0
chr10	6269102	6479530	0	0	0
chr10	6479680	13686534	2	2	0
chr10	13686684	13747220	0	0	0
chr10	13747348	17586772	2	2	0
chr10	17589430	18119852	0	0	0
chr10	18154078	19538341	1	1	0
chr10	19556116	52665948	2	2	0
chr10	52666102	53903804	0	0	0
chr10	53903954	66636597	2	2	0
chr10	66636978	67097891	1	1	0
chr10	67161550	69327992	2	2	0
chr11	115708	9614498	2	1	1
chr11	9624216	39566411	2	2	0
chr11	39566562	39903659	1	1	0
chr11	39927592	45183950	0	0	0
chr11	45184122	62884867	2	2	0
chr11	62885026	63901178	1	1	0
chr11	63995014	74369728	2	2	0
chr12	97582	1498978	4	2	2
chr12	1499130	1500498	1	1	0
chr12	1500655	2742642	4	2	2
chr12	2742877	4303204	3	3	0
chr12	4306026	4374080	1	1	0
chr12	4382990	8284063	3	2	1
chr12	8325916	8954732	5	3	2
chr12	8954890	10535410	9	7	2
chr12	10570454	10775952	23	23	0
chr12	10781317	11047340	8	8	0
chr12	11047490	12045462	6	6	0
chr12	12057480	12122956	16	16	0
chr12	12208306	13512274	24	24	0
chr12	13513004	14264725	15	15	0
chr12	14317606	21026888	2	2	0
chr12	21047704	21134316	0	0	0
chr12	21134466	44927752	2	2	0
chr12	44927902	45240538	1	1	0
chr12	45491742	72022106	2	2	0
chr12	72023419	72159814	4	4	0
chr12	72170592	72488588	2	2	0
chr12	72488742	72489359	4	4	0
chr13	41196	4219946	5	5	0
chr13	4220064	4363703	1	1	0
chr13	4364070	6795682	4	4	0
chr13	6795832	7966174	6	6	0
chr13	7977970	10228618	10	6	4
chr13	10231244	10666158	16	16	0
chr13	10693846	13446557	5	3	2
chr13	13569710	18160802	7	5	2
chr13	18164757	21835524	5	4	1
chr13	21835674	30465332	4	4	0
chr13	30465482	33432264	3	3	0
chr13	33442606	33969164	5	5	0
chr13	33969314	34473562	2	2	0
chr13	34473712	35969072	4	4	0
chr13	35969234	36368726	2	2	0
chr13	36368876	37401782	4	4	0
chr13	37401932	37403882	1	1	0
chr13	37404032	43897594	4	4	0
chr13	43914568	47893860	5	5	0
chr13	47983200	48047798	0	0	0
chr13	48047958	58449196	4	4	0
chr13	58461678	61591344	5	4	1
chr13	61596183	61867162	3	3	0
chr13	61877280	63230496	5	4	1
chr14	31032	31188	4	4	0
chr14	31344	510532	2	2	0
chr14	510688	619132	0	0	0
chr14	627264	21767280	2	2	0
chr14	21773594	22890687	3	3	0
chr14	22890854	39205344	2	2	0
chr14	39205970	39494468	3	3	0
chr14	39494623	51556816	2	2	0
chr14	51567278	60964327	2	1	1
chr15	235990	258112	2	2	0
chr15	258270	19734188	3	2	1
chr15	19737288	19859584	0	0	0
chr15	19861328	63941710	3	2	1
chr15	63951951	64093316	1	1	0
chr15	64093472	64158922	2	2	0
chr16	87142	339292	2	2	0
chr16	339414	1167024	1	1	0
chr16	1274896	1311426	0	0	0
chr16	1313404	12188950	2	2	0
chr16	12189100	12351020	0	0	0
chr16	12369127	18590555	2	2	0
chr16	18591342	18937280	1	1	0
chr16	18945280	27672389	2	2	0
chr16	27673500	28334584	1	1	0
chr16	28334744	45607372	2	2	0
chr16	45607522	45758455	0	0	0
chr16	45773608	59045240	2	2	0
chr16	59045373	59533045	2	1	1
chr17	21072	156048	1	1	0
chr17	201526	15439368	3	2	1
chr17	15439518	15490726	0	0	0
chr17	15490850	16779634	3	2	1
chr17	16779784	18109703	1	1	0
chr17	18109868	43835420	3	2	1
chr17	43835576	48480255	2	2	0
chr17	48481204	53359484	3	2	1
chr17	53359635	53476274	1	1	0
chr17	53499421	62151015	3	2	1
chr17	62290488	62446938	0	0	0
chr17	62447088	64239642	3	2	1
chr18	15640	50948	3	3	0
chr18	51086	11260682	2	2	0
chr18	11260799	11616045	1	1	0
chr18	11619386	21403074	2	2	0
chr18	21403828	21474596	0	0	0
chr18	21474715	36467688	2	2	0
chr18	36467840	46004990	2	1	1
chr18	46005140	55814650	2	2	0
chr19	12695	34120	2	2	0
chr19	38226	21388610	2	1	1
chr19	21388750	22096983	1	1	0
chr19	22326446	29137364	2	1	1
chr19	29141848	29767998	1	1	0
chr19	29768408	36313419	2	1	1
chr19	36313744	37116406	1	1	0
chr19	37134195	44090597	2	1	1
chr19	44400389	44874256	1	1	0
chr19	44874628	51174718	2	1	1
chr19	51177816	51685082	1	1	0
chr19	51685580	53732236	2	2	0
chr20	25920	7833989	2	2	0
chr20	7915964	18857864	3	2	1
chr20	18858014	22073136	4	4	0
chr20	22073290	24959338	3	2	1
chr20	24966648	26233085	1	1	0
chr20	26233238	26589616	0	0	0
chr20	26590614	31410440	2	2	0
chr20	31702940	32870674	4	3	1
chr20	32887050	32989967	8	5	3
chr20	32995688	33448415	4	3	1
chr20	33479872	46155808	2	2	0
chr20	46160992	46208918	0	0	0
chr20	46209070	54301228	2	2	0
chr20	54302063	57379075	2	1	1
chr20	57379226	57395172	1	1	0
chr20	57406624	58087364	2	1	1
chr20	58087515	58095322	2	2	0
chr21	15722	24822819	2	2	0
chr21	24824469	31492337	2	1	1
chr21	31492494	48245120	2	2	0
chr21	48246217	48498326	0	0	0
chr21	48500864	50733622	2	2	0
chr21	50752003	50855618	4	4	0
chr22	75033	76964	5	5	0
chr22	77115	10211730	2	2	0
chr22	10211880	13239977	0	0	0
chr22	13865088	15437060	1	1	0
chr22	15437226	35151929	2	2	0
chr22	35152080	36070826	1	1	0
chr22	36070983	47810282	2	2	0
chr22	47810432	48099656	1	1	0
chr22	48136266	57626550	2	2	0
chr22	57647366	57953520	4	4	0
chr22	57953678	59324630	2	2	0
chr22	59325394	59939802	1	1	0
chr22	59939954	61370852	2	2	0
chr22	61378050	61378050	3	3	0
chr23	1992	13946454	3	2	1
chr23	13976952	14568380	4	4	0
chr23	14572085	15732662	16	16	0
chr23	15733608	52293696	3	2	1
chr24	71316	805361	3	2	1
chr24	805524	1934816	1	1	0
chr24	1934966	15209895	3	2	1
chr24	15210070	15314858	2	2	0
chr24	15315008	16847314	3	2	1
chr24	16847464	17252612	1	1	0
chr24	17252764	19852086	3	2	1
chr24	19859424	20022553	1	1	0
chr24	20047042	29228528	3	2	1
chr24	29282112	29347726	1	1	0
chr24	29348168	36661990	3	2	1
chr24	36662140	36936648	1	1	0
chr24	36983597	38199602	3	2	1
chr24	38199752	39875878	3	3	0
chr24	39877206	39910518	1	1	0
chr24	39911703	42589666	3	2	1
chr24	42602672	42711882	2	2	0
chr24	42773599	44546444	3	2	1
chr24	44550020	44555890	1	1	0
chr24	44556040	45101777	2	1	1
chr24	45216948	45930970	1	1	0
chr24	45952448	47515188	3	2	1
chr24	47515499	47669698	4	4	0
chr24	47669848	47672041	2	2	0
chr25	14815	35520304	2	2	0
chr25	35596830	36807308	1	1	0
chr25	36807469	38925734	2	2	0
chr25	38925888	39684324	1	1	0
chr25	39684474	40420114	2	2	0
chr25	40425168	40471659	0	0	0
chr25	40472516	45444204	2	2	0
chr25	45444444	46999028	1	1	0
chr25	46999161	51628619	2	2	0
chr26	14534	2890874	2	1	1
chr26	2891024	3922036	1	1	0
chr26	3926210	29114048	2	1	1
chr26	29114198	29186726	1	1	0
chr26	29189954	31327686	2	1	1
chr26	31327836	32207950	1	1	0
chr26	32432426	38963574	2	1	1
chr27	9008	1317080	2	1	1
chr27	1322728	1405750	0	0	0
chr27	1405908	25614439	2	1	1
chr27	25622313	30509021	2	2	0
chr27	30528933	30951432	1	1	0
chr27	31003360	32471378	3	3	0
chr27	32471520	34966992	2	2	0
chr27	34967126	36245854	1	1	0
chr27	36246004	39243365	2	2	0
chr27	39255000	39512138	1	1	0
chr27	39512276	43458572	2	2	0
chr27	43460169	45856726	1	1	0
chr28	67154	1719599	1	1	0
chr28	1747894	4226650	4	3	1
chr28	4227449	5997490	3	2	1
chr28	5998260	6687182	2	2	0
chr28	6687332	6724346	0	0	0
chr28	6741486	7411666	3	2	1
chr28	7413154	9873889	1	1	0
chr28	9898026	10519269	3	2	1
chr28	10560030	11059914	1	1	0
chr28	11065774	12291838	3	2	1
chr28	12291996	12610476	6	6	0
chr28	12610626	13608356	2	2	0
chr28	13608940	18712903	3	2	1
chr28	18713252	21830260	4	2	2
chr28	21834792	22332419	3	2	1
chr28	22334194	24778200	2	1	1
chr28	24908298	25377170	11	8	3
chr28	25393859	25545098	20	20	0
chr28	25545238	25545238	15	15	0
chr28	25602786	34679711	2	1	1
chr28	34711220	35969608	3	2	1
chr28	35973304	36488710	2	2	0
chr28	36491764	36805876	4	4	0
chr28	36805990	40101344	2	1	1
chr28	40101498	40751290	3	3	0
chr28	40751440	40857966	2	2	0
chr28	40858476	41181712	3	2	1
chr29	35082	4594866	3	2	1
chr29	4595019	5260250	2	1	1
chr29	5331850	15832972	3	2	1
chr29	15833880	16016266	1	1	0
chr29	16016422	19794354	3	2	1
chr29	19794511	20178138	5	5	0
chr29	20178254	35473341	3	2	1
chr29	35474534	35497734	6	6	0
chr29	35511488	36833896	3	2	1
chr29	36834046	37802908	2	2	0
chr29	37803073	39980295	3	2	1
chr29	40014690	40716181	2	2	0
chr29	40716334	41815122	3	2	1
chr30	41440	24824490	2	2	0
chr30	24824640	25051970	1	1	0
chr30	25052120	32981918	2	2	0
chr30	32983050	32993082	3	3	0
chr30	32993232	37276778	2	2	0
chr30	37276928	37328382	1	1	0
chr30	37328538	38510436	2	2	0
chr30	38511484	38736020	3	3	0
chr30	38736171	40211866	2	2	0
chr31	8024	21250	2	1	1
chr31	117438	18975634	4	2	2
chr31	19064438	20384798	2	2	0
chr31	20385266	23455898	4	2	2
chr31	23799784	23895653	1	1	0
chr31	23898154	27626060	4	2	2
chr31	27626324	27685396	3	3	0
chr31	27685546	31619738	4	2	2
chr31	31677808	31718491	2	1	1
chr31	31738006	37309588	4	2	2
chr31	37309752	37397468	2	2	0
chr31	37397618	38590556	4	2	2
chr31	38591891	38970440	5	3	2
chr31	38970590	39018530	1	1	0
chr31	39018680	39315745	5	3	2
chr31	39316144	39893560	4	2	2
chr32	67584	8610504	2	2	0
chr32	8620179	9159872	0	0	0
chr32	9300484	18132874	2	2	0
chr32	18144010	19998358	1	1	0
chr32	20001253	30729970	2	2	0
chr32	30730120	32109698	1	1	0
chr32	32115075	37309807	2	2	0
chr32	37310182	38723726	3	3	0
chr32	38724876	38724876	0	0	0
chr33	13756	1041844	2	2	0
chr33	1051668	2025112	4	4	0
chr33	2032922	4177174	1	1	0
chr33	4177324	5497252	3	2	1
chr33	5498746	6424782	1	1	0
chr33	6424932	7178063	2	2	0
chr33	7180932	7414658	7	7	0
chr33	7418064	8505528	2	2	0
chr33	8601543	10532888	10	10	0
chr33	10539089	10984052	4	4	0
chr33	11137365	12527362	1	1	0
chr33	12530736	13691430	5	5	0
chr33	13691550	15784652	3	3	0
chr33	15784802	18570824	1	1	0
chr33	18571294	20396910	2	2	0
chr33	20397060	22766383	0	0	0
chr33	22795715	23597644	1	1	0
chr33	23607872	24044696	3	2	1
chr33	24049504	25594354	1	1	0
chr33	25609498	30856064	2	1	1
chr33	30856214	31073246	0	0	0
chr33	31073968	31360258	3	2	1
chr34	111379	3572014	3	2	1
chr34	3572164	3617037	1	1	0
chr34	3629024	8821948	3	2	1
chr34	8835362	9539154	2	2	0
chr34	9539304	13039902	3	2	1
chr34	13040076	13079136	1	1	0
chr34	13083566	30971317	3	2	1
chr34	30977516	31639772	1	1	0
chr34	31639900	42095588	3	2	1
chr34	42095742	42103540	6	4	2
chr35	56528	59400	4	4	0
chr35	64160	23931290	2	2	0
chr35	23931404	24194570	1	1	0
chr35	24251877	26508202	2	2	0
chr35	26508362	26508683	3	3	0
chr36	311666	20976966	4	2	2
chr36	20977130	22417726	3	2	1
chr36	22492126	30808270	4	2	2
chr37	150244	23920862	4	2	2
chr37	23921014	24608403	2	2	0
chr37	24612024	30884584	4	2	2
chr37	30884734	30884852	3	3	0
chr38	43216	14136086	2	2	0
chr38	14137032	14713294	3	3	0
chr38	14718070	21087624	2	2	0
chr38	21089354	21107435	6	6	0
chr38	21113294	23684314	2	2	0
chr38	23684464	23703482	5	4	1
chr38	23703632	23871764	2	2	0
