chromosome	start	end	total_cn	major_cn	minor_cn
chr1	252179	14394300	2	1	1
chr1	14394450	14517284	3	3	0
chr1	14517438	53846192	2	1	1
chr1	53846342	54183692	3	3	0
chr1	54186452	55086501	2	1	1
chr1	55086666	55395375	2	2	0
chr1	55395532	95955352	2	1	1
chr1	95955506	96496658	1	1	0
chr1	96496808	110274968	2	1	1
chr1	110277290	110328540	6	6	0
chr1	110336900	119481657	2	1	1
chr1	119481946	120955866	2	2	0
chr1	120956021	121124245	3	3	0
chr1	121124402	122655590	2	1	1
chr2	22644	18181290	2	1	1
chr2	18181420	18213194	3	3	0
chr2	18214725	22856656	2	1	1
chr2	22856817	22904572	1	1	0
chr2	22922534	31660918	2	1	1
chr2	31661068	31952520	1	1	0
chr2	31952672	54167758	2	1	1
chr2	54167908	54736937	2	2	0
chr2	54740722	62485788	2	1	1
chr2	62485938	64244626	2	2	0
chr2	64254006	71111860	2	1	1
chr2	71112010	71286504	1	1	0
chr2	71287946	85417108	2	1	1
chr3	8314	8314	1	1	0
chr3	25178	45406	4	4	0
chr3	45556	21285166	2	1	1
chr3	21351104	21704234	1	1	0
chr3	21705278	81628921	2	1	1
chr3	82035824	83355648	2	2	0
chr3	83524686	83702026	3	3	0
chr3	83702188	91887855	2	1	1
chr4	16163	19603960	2	1	1
chr4	19607828	19770012	3	2	1
chr4	19770125	25465210	2	1	1
chr4	25465360	25585302	5	5	0
chr4	25585452	84870581	2	1	1
chr4	84870745	86634662	3	3	0
chr4	86675531	88272406	2	1	1
chr5	22388	4099520	2	1	1
chr5	4099674	4458750	4	2	2
chr5	4459439	6123106	2	1	1
chr5	6147876	7317918	2	2	0
chr5	7318083	13977046	2	1	1
chr5	13977198	14314416	2	2	0
chr5	14314982	17864978	2	1	1
chr5	17865128	20883810	2	2	0
chr5	20888924	21092723	1	1	0
chr5	21093300	32512463	2	1	1
chr5	32512631	33033450	1	1	0
chr5	33033600	67544606	2	1	1
chr5	67566606	68303333	3	3	0
chr5	68304918	88735270	2	1	1
chr6	311634	469076	2	2	0
chr6	469987	24446788	2	1	1
chr6	24460248	24466043	1	1	0
chr6	24484807	40275611	2	1	1
chr6	40276323	40370750	3	2	1
chr6	40373144	44477254	2	1	1
chr6	44477404	45131358	1	1	0
chr6	45133273	69866978	2	1	1
chr6	69867641	69970786	4	4	0
chr6	69972012	77486550	2	1	1
chr6	77486700	77539234	2	2	0
chr7	26328	80974448	2	1	1
chr8	45054	2586650	2	1	1
chr8	2601154	2939341	2	2	0
chr8	2948228	14514210	2	1	1
chr8	14516082	14849275	1	1	0
chr8	14849434	22374934	2	1	1
chr8	22391532	22451882	1	1	0
chr8	22454730	32011322	2	1	1
chr8	32011472	32244976	1	1	0
chr8	32262268	53818660	2	1	1
chr8	53823746	54001206	4	4	0
chr8	54001356	57327982	2	1	1
chr8	57328138	59268516	1	1	0
chr8	59272378	74293167	2	1	1
chr9	11980	20872564	2	1	1
chr9	20877262	20917809	1	1	0
chr9	20918186	22210576	2	1	1
chr9	22212528	22364513	1	1	0
chr9	22387848	46792068	2	1	1
chr9	46810519	46994309	1	1	0
chr9	47001724	47707050	2	1	1
chr9	47708376	48008088	1	1	0
chr9	48009200	50068534	2	1	1
chr9	50071774	50288316	1	1	0
chr9	50288471	52781246	2	1	1
chr9	52781397	53286218	1	1	0
chr9	53295022	53966286	2	2	0
chr9	53967536	54096318	1	1	0
chr9	54146823	54357654	0	0	0
chr9	54357808	54504732	1	1	0
chr9	54504886	54539954	0	0	0
chr9	54540612	54687014	1	1	0
chr9	54697796	56707486	2	1	1
chr9	56707638	57882016	1	1	0
chr9	57883754	61042436	2	1	1
chr10	16721	18154078	2	1	1
chr10	18154958	18380246	2	2	0
chr10	18380408	69327876	2	1	1
chr10	69327992	69327992	2	2	0
chr11	115708	74369728	2	1	1
chr12	97582	72488588	1	1	0
chr12	72488742	72489359	2	2	0
chr13	41196	224007	2	2	0
chr13	243703	25597098	4	3	1
chr13	25597248	26565482	6	6	0
chr13	26565634	31668340	4	3	1
chr13	31668490	31808860	3	3	0
chr13	31823770	33283566	3	2	1
chr13	33285762	35968912	4	3	1
chr13	35969072	36216454	2	2	0
chr13	36216578	36488032	3	3	0
chr13	36488156	59658232	4	3	1
chr13	59658382	59728458	3	3	0
chr13	59733276	62964971	4	3	1
chr13	62987130	63230496	2	2	0
chr14	31032	21032544	2	1	1
chr14	21049760	22110304	1	1	0
chr14	22220730	27346490	2	1	1
chr14	27346642	27715744	1	1	0
chr14	27715896	38522030	2	1	1
chr14	38522193	39123938	2	2	0
chr14	39130527	60956881	2	1	1
chr14	60959810	60964327	3	3	0
chr15	235990	29687720	2	1	1
chr15	29699708	30189896	1	1	0
chr15	30190036	64158922	2	1	1
chr16	87142	431240	2	1	1
chr16	431390	779499	1	1	0
chr16	787590	59533045	2	1	1
chr17	21072	1601796	2	1	1
chr17	1601924	2660062	2	2	0
chr17	2660212	39070052	2	1	1
chr17	39070202	39153856	1	1	0
chr17	39154011	58577874	2	1	1
chr17	58590850	60816774	3	2	1
chr17	60816924	64239642	2	1	1
chr18	15640	55814650	2	1	1
chr19	12695	38875693	2	1	1
chr19	38877722	39229706	1	1	0
chr19	39229862	53614281	2	1	1
chr19	53616690	53666178	1	1	0
chr19	53672098	53732236	2	2	0
chr20	25920	13321145	2	1	1
chr20	13321296	13506872	1	1	0
chr20	13507022	58027941	2	1	1
chr20	58028096	58095322	1	1	0
chr21	15722	14225988	2	1	1
chr21	14259686	14987966	1	1	0
chr21	14988118	29998500	2	1	1
chr21	29998650	30082948	3	3	0
chr21	30083102	50855618	2	1	1
chr22	75033	77417	2	2	0
chr22	77568	10168397	1	1	0
chr22	10211730	13865988	2	2	0
chr22	13866138	45971932	1	1	0
chr22	46013458	46229663	2	2	0
chr22	46231567	61370206	1	1	0
chr22	61370476	61378050	2	2	0
chr23	1992	16511064	2	1	1
chr23	16511214	16710717	1	1	0
chr23	16719340	52275480	2	1	1
chr23	52275636	52293696	1	1	0
chr24	71316	15276244	1	1	0
chr24	15276394	16603646	2	1	1
chr24	16603796	17792867	1	1	0
chr24	17804007	40713630	2	1	1
chr24	40713786	41317257	1	1	0
chr24	41320396	47283186	2	1	1
chr24	47283302	47421704	1	1	0
chr24	47422414	47672041	2	1	1
chr25	14815	50305770	2	1	1
chr25	50305966	50473948	2	2	0
chr25	50474098	50983893	3	2	1
chr25	50984784	51628494	2	1	1
chr25	51628619	51628619	1	1	0
chr26	14534	25352081	1	1	0
chr26	25379654	25596026	2	2	0
chr26	25654206	27066484	1	1	0
chr26	27066634	27067443	0	0	0
chr26	27074530	32039270	1	1	0
chr26	32125826	33514310	2	2	0
chr26	33514460	33698922	1	1	0
chr26	33706118	38963178	0	0	0
chr26	38963574	38963574	1	1	0
chr27	9008	45856434	2	2	0
chr27	45856584	45856726	3	3	0
chr28	67154	4188084	3	3	0
chr28	4188392	4664178	4	4	0
chr28	4664715	6257280	3	3	0
chr28	6285770	18713252	2	2	0
chr28	18721086	24154715	1	1	0
chr28	24155346	24489807	2	2	0
chr28	24501264	39642448	1	1	0
chr28	39642598	39776168	0	0	0
chr28	39776318	41180946	1	1	0
chr28	41181098	41181712	2	2	0
chr29	35082	34375332	3	2	1
chr29	34375657	35290406	2	2	0
chr29	35297680	41019612	3	2	1
chr29	41023100	41769329	4	3	1
chr29	41794026	41815122	2	2	0
chr30	41440	38512526	2	1	1
chr30	38512667	38621936	2	2	0
chr30	38622086	40211866	2	1	1
chr31	8024	27712632	2	1	1
chr31	27712793	29052884	3	2	1
chr31	29054628	39893560	2	1	1
chr32	67584	38724876	2	1	1
chr33	13756	11885852	1	1	0
chr33	11886002	12684810	2	2	0
chr33	12684960	31360112	1	1	0
chr33	31360258	31360258	2	2	0
chr34	111379	42103540	3	2	1
chr35	56528	57256	3	3	0
chr35	57847	2028232	2	2	0
chr35	2046060	2075516	1	1	0
chr35	2075670	26508683	2	1	1
chr36	311666	374906	2	2	0
chr36	375056	5019514	3	2	1
chr36	5019668	5020746	1	1	0
chr36	5020900	30721850	3	2	1
chr36	30721965	30808270	1	1	0
chr37	150244	30884852	1	1	0
chr38	43216	14989440	1	1	0
chr38	15005887	15128244	2	2	0
chr38	15128394	23403290	1	1	0
chr38	23403460	23751534	0	0	0
chr38	23751684	23871764	1	1	0
